time,despos1,desvel1,desacc1,iqcmd1,despos2,desvel2,desacc2,iqcmd2,actpos1,actvel1,actacc1,actfe1,actpos2,actvel2,actacc2,actfe2,actpos3,actvel3,actacc3,actfe3,actpos4,actvel4,actacc4,actfe4,nodeA,nodeB,nodeC,nodeD
0,0,0,0,0,0,0,0,0,0,0,0,0,0,0,0,0,0,0,0,0,0,0,0,0,0,0,0,0
0.00442,0,0,0,27.656466,0,0,0,0,0,0,0,0,0,0,0,0,0,0,0,0,0,0,0,0,0,0,0,0
0.00884,0,0,0,96.474503,0,0,0,0,0,0,0,0,0,0,0,0,0,0,0,0,0,0,0,0,0,0,0,0
0.01326,0,0,0,164.21909,0,0,0,0,0,0,0,0,0,0,0,0,0,0,0,0,0,0,0,0,0,0,0,0
0.01768,0,0,0,230.13644,0,0,0,0,0,0,0,0,0,0,0,0,0,0,0,0,0,0,0,0,0,0,0,0
0.0221,0,0,0,293.49313,0,0,0,0,1.5,339.366515837104,76779.7547142769,-1.5,0,0,0,0,0,0,0,0,0,0,0,0,0,0,0,0
0.02652,0,0,0,353.5842,0,0,0,0,3.92578125,548.819287330317,47387.5048627178,-3.92578125,0,0,0,0,0,0,0,0,0,0,0,0,0,0,0,0
0.03094,0,0,0,409.74103,0,0,0,0,6.68359375,623.939479638009,16995.5186216499,-6.68359375,0,0,0,0,0,0,0,0,0,0,0,0,0,0,0,0
0.03536,0,0,0,461.33878,0,0,0,0,10.36328125,832.508484162896,47187.557584816,-10.36328125,0,0,0,0,0,0,0,0,0,0,0,0,0,0,0,0
0.03978,0,0,0,507.80331,0,0,0,0,14.99609375,1048.14762443439,48787.1358080301,-14.99609375,0,0,0,0,0,0,0,0,0,0,0,0,0,0,0,0
0.0442,0,0,0,548.61761,0,0,0,0,20.8125,1315.9290158371,60584.0252042341,-20.8125,0,0,0,0,0,0,0,0,0,0,0,0,0,0,0,0
0.04862,0,0,0,583.32764,0,0,0,0,27.99609375,1625.24745475113,69981.547265617,-27.99609375,0,0,0,0,0,0,0,0,0,0,0,0,0,0,0,0
0.05304,0,0,0,611.54712,0,0,0,0,35.99609375,1809.95475113122,41788.9810814685,-35.99609375,1.5,339.366515837104,76779.7547142769,-1.5,0,0,0,0,0,0,0,0,0,0,0,0
0.05746,0,0,0,632.96204,0,0,0,0,44.92578125,2020.29128959276,47587.4521406195,-44.92578125,2.6875,268.665158371041,-15995.782232141,-2.6875,0,0,0,0,0,0,0,0,0,0,0,0
0.06188,0,0,0,647.33417,0,0,0,0,54.89453125,2255.37330316742,53185.9759218689,-54.89453125,4.5546875,422.440610859728,34790.8263549067,-4.5546875,0,0,0,0,0,0,0,0,0,0,0,0
0.0663,0,0,0,654.50354,0,0,0,0,65.51953125,2403.84615384615,33591.1426874962,-65.51953125,6.50390625,440.99971719457,4198.89283593703,-6.50390625,0,0,0,0,0,0,0,0,0,0,0,0
0.07072,0,0,0,654.39044,0,0,0,0,76.97265625,2591.20475113122,42388.8229151737,-76.97265625,9.4375,663.70899321267,50386.7140312442,-9.4375,0,0,0,0,0,0,0,0,0,0,0,0
0.07514,0,0,0,646.99609,0,0,0,0,88.83984375,2684.88404977376,21194.4114575869,-88.83984375,13.078125,823.670814479638,36190.4573002191,-13.078125,0,0,0,0,0,0,0,0,0,0,0,0
0.07956,0,0,0,632.40277,0,0,0,0,100.65625,2673.39507918552,-2599.31461272298,-100.65625,17.4375,986.283936651584,36790.2991339244,-17.4375,0,0,0,0,0,0,0,0,0,0,0,0
0.08398,0,0,0,610.77289,0,0,0,0,112.3046875,2635.39309954751,-8597.73294977575,-112.3046875,22.5859375,1164.80486425339,40389.3501361561,-22.5859375,0,0,0,0,0,0,0,0,0,0,0,0
0.0884,0,0,0,582.34705,0,0,0,0,123.5234375,2538.17873303167,-21994.200569194,-123.5234375,28.96875,1444.07522624434,63183.3398169571,-28.96875,0,0,0,0,0,0,0,0,0,0,0,0
0.09282,0,0,0,547.44159,0,0,0,0,133.234375,2197.04468325792,-77179.6492700804,-133.234375,35.84375,1555.42986425339,25193.3570156221,-35.84375,0,0,0,0,0,0,0,0,0,0,0,0
0.09724,0,0,0,506.44492,0,0,0,0,141.6953125,1914.23925339366,-63983.1289285641,-141.6953125,43.734375,1785.2092760181,51986.2922544583,-43.734375,0,0,0,0,0,0,0,0,0,0,0,0
0.10166,0,0,0,459.81314,0,0,0,0,148.41015625,1519.19541855204,-89376.433222088,-148.41015625,52.7109375,2030.89649321267,55585.3432566901,-52.7109375,0,0,0,0,0,0,0,0,0,0,0,0
0.10608,0,0,0,408.06516,0,0,0,0,152.953125,1027.8209841629,-111170.68651338,-152.953125,62.33203125,2176.71804298643,32991.3008537909,-62.33203125,0,0,0,0,0,0,0,0,0,0,0,0
0.1105,0,0,0,351.7767,0,0,0,0,154.99609375,462.210124434389,-127966.257857128,-154.99609375,73.2265625,2464.82607466063,65182.8125959747,-73.2265625,0,0,0,0,0,0,0,0,0,0,0,0
0.11492,0,0,0,291.57413,0,0,0,0,154.99609375,0,-104572.426342622,-154.99609375,84.99609375,2662.78987556561,44788.1902499948,-84.99609375,0,0,0,0,0,0,0,0,0,0,0,0
0.11934,0,0,0,228.12727,0,0,0,0,152.90625,-472.815328054299,-106971.793677443,-152.90625,97.16796875,2753.81787330317,20594.5696238816,-97.16796875,0,0,0,0,0,0,0,0,0,0,0,0
0.12376,0,0,0,162.14211,0,0,0,0,147.8984375,-1132.98925339366,-149360.616592617,-147.8984375,109.7265625,2841.31080316742,19794.7805122745,-109.7265625,0,0,0,0,0,0,0,0,0,0,0,0
0.12818,0,0,0,94.352829,0,0,0,0,141.38671875,-1473.2395361991,-76979.7019921787,-141.38671875,122.3515625,2856.33484162896,3399.10372432999,-122.3515625,0,0,0,0,0,0,0,0,0,0,0,0
0.1326,0,0,0,25.513708,0,0,0,0,133.64453125,-1751.62613122172,-62983.3925390553,-133.64453125,134.48828125,2745.86397058824,-24993.4097377204,-134.48828125,0,0,0,0,0,0,0,0,0,0,0,0
0.13702,0,0,0,-43.609295,0,0,0,0,125.71875,-1793.16317873303,-9397.52206138286,-125.71875,146.09765625,2626.55542986425,-26992.882516738,-146.09765625,0,0,0,0,0,0,0,0,0,0,0,0
0.14144,0,0,0,-112.24707,0,0,0,0,118.21484375,-1697.71634615385,21594.3060133904,-118.21484375,156.74609375,2409.14875565611,-49187.0303638337,-156.74609375,0,0,0,0,0,0,0,0,0,0,0,0
0.14586,0,0,0,-179.63589,0,0,0,0,110.2890625,-1793.16317873303,-21594.3060133904,-110.2890625,165.72265625,2030.89649321267,-85577.4349419544,-165.72265625,0,0,0,0,0,0,0,0,0,0,0,0
0.15028,0,0,0,-245.02597,0,0,0,0,102.37109375,-1791.39564479638,399.894555803556,-102.37109375,173.31640625,1718.04298642534,-70781.3363772241,-173.31640625,0,0,0,0,0,0,0,0,0,0,0,0
0.1547,0,0,0,-307.6897,0,0,0,0,93.9375,-1908.05288461538,-26393.0406830327,-93.9375,179.12890625,1315.04524886878,-91175.9587232039,-179.12890625,0,0,0,0,0,0,0,0,0,0,0,0
0.15912,0,0,0,-366.92981,0,0,0,0,85.0703125,-2006.15101809955,-22194.1478470957,-85.0703125,182.9375,861.672794117647,-102572.953563604,-182.9375,0,0,0,0,0,0,0,0,0,0,0,0
0.16354,0,0,0,-422.08722,0,0,0,0,75,-2278.35124434389,-61583.761593743,-75,184.99609375,465.745192307692,-89576.3804999897,-184.99609375,0,0,0,0,0,0,0,0,0,0,0,0
0.16796,0,0,0,-472.54816,0,0,0,0,64.421875,-2393.24095022624,-25993.1461272291,-64.421875,184.99609375,0,-105372.215454229,-184.99609375,0,0,0,0,0,0,0,0,0,0,0,0
0.17238,0,0,0,-517.75116,0,0,0,0,53.2421875,-2529.34106334842,-30791.8807968715,-53.2421875,182.671875,-525.841346153846,-118968.630351549,-182.671875,0,0,0,0,0,0,0,0,0,0,0,0
0.1768,0,0,0,-557.1933,0,0,0,0,40.75,-2826.28676470588,-67182.2853749923,-40.75,177.2265625,-1231.97115384615,-159757.875043509,-177.2265625,0,0,0,0,0,0,0,0,0,0,0,0
0.18122,0,0,0,-590.43567,0,0,0,0,27.625,-2969.45701357466,-32391.4590200856,-27.625,169.484375,-1751.62613122172,-117568.999406237,-169.484375,0,0,0,0,0,0,0,0,0,0,0,0
0.18564,0,0,0,-617.1084,0,0,0,0,13.8203125,-3123.23246606335,-34790.8263549067,-13.8203125,159.48828125,-2261.5596719457,-115369.579349317,-159.48828125,0,0,0,0,0,0,0,0,0,0,0,0
0.19006,0,0,0,-636.91473,0,0,0,0,-0.796875,-3307.05599547511,-41589.0338035667,0.796875,147.33203125,-2750.28280542986,-110570.844679675,-147.33203125,0,0,0,0,0,0,0,0,0,0,0,0
0.19448,0,0,0,-649.63428,0,0,0,0,-15.9296875,-3423.71323529412,-26393.0406830327,15.9296875,132.96875,-3249.61114253394,-112970.212014496,-132.96875,0,0,0,0,0,0,0,0,0,0,0,0
0.1989,0,0,0,-655.12549,0,0,0,0,-31.3359375,-3485.57692307692,-13996.3094531234,31.3359375,116.35546875,-3758.66091628959,-115169.632071415,-116.35546875,0,0,0,0,0,0,0,0,0,0,0,0
0.20332,0,0,0,-653.32733,0,0,0,0,-47.0234375,-3549.20814479638,-14396.2040089269,47.0234375,97.72265625,-4215.56843891403,-103372.742675211,-97.72265625,0,0,0,0,0,0,0,0,0,0,0,0
0.20774,0,0,0,-644.2597,0,0,0,0,-62.79296875,-3567.76725113122,-4198.8928359371,62.79296875,76.87890625,-4715.78054298642,-113170.159292398,-76.87890625,0,0,0,0,0,0,0,0,0,0,0,0
0.21216,0,0,0,-628.02356,0,0,0,0,-78.54296875,-3563.34841628959,999.736389508864,78.54296875,54.06640625,-5161.19909502262,-100773.428062488,-54.06640625,0,0,0,0,0,0,0,0,0,0,0,0
0.21658,0,0,0,-604.79962,0,0,0,0,-94,-3497.06589366516,14996.0458426322,94,29.37109375,-5587.17477375566,-96374.5879486499,-29.37109375,0,0,0,0,0,0,0,0,0,0,0,0
0.221,0,0,0,-574.84613,0,0,0,0,-108.9609375,-3384.82748868778,25393.3042935239,108.9609375,2.77734375,-6016.68552036199,-97174.3770602567,-2.77734375,0,0,0,0,0,0,0,0,0,0,0,0
0.22542,0,0,0,-538.49652,0,0,0,0,-122.6640625,-3100.25452488688,64383.0234843676,122.6640625,-25.1171875,-6310.97992081448,-66582.4435412871,25.1171875,0,0,0,0,0,0,0,0,0,0,0,0
0.22984,0,0,0,-496.15521,0,0,0,0,-135.87109375,-2988.0161199095,25393.304293524,135.87109375,-54.33203125,-6609.6931561086,-67582.1799307957,54.33203125,0,0,0,0,0,0,0,0,0,0,0,0
0.23426,0,0,0,-448.2933,0,0,0,0,-147.41015625,-2610.64762443439,85377.4876640527,147.41015625,-84.58984375,-6845.65893665158,-53385.9231997708,84.58984375,0,0,0,0,0,0,0,0,0,0,0,0
0.23868,0,0,0,-395.44333,0,0,0,0,-157.8359375,-2358.77403846154,56984.9742020025,157.8359375,-115.46875,-6986.17788461538,-31791.6171863801,115.46875,0,0,0,0,0,0,0,0,0,0,0,0
0.2431,0,0,0,-338.19336,0,0,0,0,-166.2109375,-1894.7963800905,104972.320898425,166.2109375,-146.51171875,-7023.29609728507,-8397.785671874,146.51171875,0,0,0,0,0,0,0,0,0,0,0,0
0.24752,0,0,0,-277.18039,0,0,0,0,-172.9609375,-1527.14932126697,83178.0676071334,172.9609375,-177.64453125,-7043.62273755656,-4598.78739174061,177.64453125,0,0,0,0,0,0,0,0,0,0,0,0
0.25194,0,0,0,-213.08331,0,0,0,0,-177.27734375,-976.5625,124567.154132798,177.27734375,-208.33984375,-6944.64083710407,22394.0951249975,208.33984375,0,0,0,0,0,0,0,0,0,0,0,0
0.25636,0,0,0,-146.6153,0,0,0,0,-179.6328125,-532.911481900452,100373.533506685,179.6328125,-237.984375,-6706.90752262443,53785.8177555741,237.984375,0,0,0,0,0,0,0,0,0,0,0,0
0.26078,0,0,0,-78.515945,0,0,0,0,-180.4765625,-190.893665158371,77379.5965479822,180.4765625,-266.23828125,-6392.28648190045,71181.2309330277,266.23828125,0,0,0,0,0,0,0,0,0,0,0,0
0.2652,0,0,0,-9.5429564,0,0,0,0,-181,-118.424773755656,16395.6767879446,181,-292.93359375,-6039.66346153846,79778.9638828033,292.93359375,0,0,0,0,0,0,0,0,0,0,0,0
0.26962,0,0,0,59.536213,0,0,0,0,-178.52734375,559.424490950226,153359.562150652,178.52734375,-317.2109375,-5492.6117081448,123767.365021191,317.2109375,0,0,0,0,0,0,0,0,0,0,0,0
0.27404,0,0,0,127.95293,0,0,0,0,-175.48046875,689.338235294118,29392.2498515591,175.48046875,-338.65234375,-4850.99688914027,145161.72375668,338.65234375,0,0,0,0,0,0,0,0,0,0,0,0
0.27846,0,0,0,194.94595,0,0,0,0,-172.01953125,783.017533936651,21194.4114575869,172.01953125,-357.07421875,-4167.84502262443,154559.245818063,357.07421875,0,0,0,0,0,0,0,0,0,0,0,0
0.28288,0,0,0,259.76987,0,0,0,0,-168.71875,746.783088235294,-8197.83839397228,168.71875,-371.98046875,-3372.45475113122,179952.550111586,371.98046875,0,0,0,0,0,0,0,0,0,0,0,0
0.2873,0,0,0,321.70337,0,0,0,0,-165.15234375,806.879242081448,13596.4148973199,165.15234375,-383.1640625,-2530.22483031674,190549.75584038,383.1640625,0,0,0,0,0,0,0,0,0,0,0,0
0.29172,0,0,0,380.05737,0,0,0,0,-161.625,798.04157239819,-1999.47277901765,161.625,-390.38671875,-1634.08512443439,202746.539792388,390.38671875,0,0,0,0,0,0,0,0,0,0,0,0
0.29614,0,0,0,434.18259,0,0,0,0,-157.80859375,863.440328054299,14796.0985647305,157.80859375,-393.99609375,-816.600678733032,184951.232059131,393.99609375,0,0,0,0,0,0,0,0,0,0,0,0
0.30056,0,0,0,483.47672,0,0,0,0,-153.609375,950.049490950226,19594.8332343728,153.609375,-394,-0.883766968325792,184551.337503327,394,0,0,0,0,0,0,0,0,0,0,0,0
0.30498,0,0,0,527.39136,0,0,0,0,-148.68359375,1114.43014705882,37190.1936897279,148.68359375,-390.36328125,822.787047511312,186350.863004443,390.36328125,0,0,0,0,0,0,0,0,0,0,0,0
0.3094,0,0,0,565.43781,0,0,0,0,-143.39453125,1196.62047511312,18595.0968448639,143.39453125,-381.93359375,1907.16911764706,245335.309985463,381.93359375,0,0,0,0,0,0,0,0,0,0,0,0
0.31382,0,0,0,597.19281,0,0,0,0,-137.09765625,1424.63235294118,51586.3976986548,137.09765625,-370.109375,2675.16261312217,173754.184496632,370.109375,0,0,0,0,0,0,0,0,0,0,0,0
0.31824,0,0,0,622.30298,0,0,0,0,-129.80078125,1650.87669683258,51186.5031428513,129.80078125,-354.8671875,3448.45871040724,174953.868164042,354.8671875,0,0,0,0,0,0,0,0,0,0,0,0
0.32266,0,0,0,640.48895,0,0,0,0,-121.35546875,1910.70418552036,58784.4997031183,121.35546875,-336.609375,4130.72680995475,154359.298540161,336.609375,0,0,0,0,0,0,0,0,0,0,0,0
0.32708,0,0,0,651.54834,0,0,0,0,-111.5625,2215.60378959276,68981.8108761082,111.5625,-314.99609375,4889.88263574661,171754.711717614,314.99609375,0,0,0,0,0,0,0,0,0,0,0,0
0.3315,0,0,0,655.35815,0,0,0,0,-100.12109375,2588.55345022624,84377.7512745438,100.12109375,-290.58203125,5523.5435520362,143362.198255564,290.58203125,0,0,0,0,0,0,0,0,0,0,0,0
0.33592,0,0,0,651.87592,0,0,0,0,-87.6640625,2818.33286199095,51986.2922544583,87.6640625,-263.51171875,6124.50509049774,135964.148973199,263.51171875,0,0,0,0,0,0,0,0,0,0,0,0
0.34034,0,0,0,641.14044,0,0,0,0,-73.5546875,3192.16628959276,84577.6985524457,73.5546875,-234.13671875,6645.92760180995,117968.89396204,234.13671875,0,0,0,0,0,0,0,0,0,0,0,0
0.34476,0,0,0,623.27118,0,0,0,0,-58.3046875,3450.22624434389,58384.6051473148,58.3046875,-202.69140625,7114.32409502262,105972.057287934,202.69140625,0,0,0,0,0,0,0,0,0,0,0,0
0.34918,0,0,0,598.46692,0,0,0,0,-41.6015625,3778.98755656109,74380.3873794557,41.6015625,-169.60546875,7485.50622171946,83977.8567187404,169.60546875,0,0,0,0,0,0,0,0,0,0,0,0
0.3536,0,0,0,567.0036,0,0,0,0,-24.13671875,3951.32211538462,38989.7191908438,24.13671875,-134.8359375,7866.40978506787,86177.2767756598,134.8359375,0,0,0,0,0,0,0,0,0,0,0,0
0.35802,0,0,0,529.23145,0,0,0,0,-5.81640625,4144.86708144796,43788.4538604861,5.81640625,-98.91015625,8128.00480769231,59184.3942589217,98.91015625,0,0,0,0,0,0,0,0,0,0,0,0
0.36244,0,0,0,485.57065,0,0,0,0,12.87890625,4229.70871040724,19194.9386785692,-12.87890625,-62.08984375,8330.38744343891,45787.9266395036,62.08984375,0,0,0,0,0,0,0,0,0,0,0,0
0.36686,0,0,0,436.50702,0,0,0,0,31.6328125,4242.96521493213,2999.20916852638,-31.6328125,-24.78515625,8439.97454751131,24793.4624598189,24.78515625,0,0,0,0,0,0,0,0,0,0,0,0
0.37128,0,0,0,382.58649,0,0,0,0,50.09765625,4177.56645927602,-14796.0985647305,-50.09765625,13,8548.67788461538,24593.5151819169,-13,0,0,0,0,0,0,0,0,0,0,0,0
0.3757,0,0,0,324.40903,0,0,0,0,67.99609375,4049.42024886878,-28992.3552957556,-67.99609375,50.61328125,8509.79213800905,-8797.68022767792,-50.61328125,0,0,0,0,0,0,0,0,0,0,0,0
0.38012,0,0,0,262.62192,0,0,0,0,84.6484375,3767.49858597285,-63783.1816506623,-84.6484375,87.78515625,8409.92647058823,-22594.0424028991,-87.78515625,0,0,0,0,0,0,0,0,0,0,0,0
0.38454,0,0,0,197.9127,0,0,0,0,99.99609375,3472.32041855204,-66782.3908191888,-99.99609375,124.53515625,8314.47963800905,-21594.3060133905,-124.53515625,0,0,0,0,0,0,0,0,0,0,0,0
0.38896,0,0,0,131.00136,0,0,0,0,113.4453125,3042.8096719457,-97174.3770602567,-113.4453125,159.82421875,7983.9507918552,-74780.2819352592,-159.82421875,0,0,0,0,0,0,0,0,0,0,0,0
0.39338,0,0,0,62.632393,0,0,0,0,125.06640625,2629.20673076923,-93575.3260580251,-125.06640625,194.0078125,7733.844739819,-56585.0796461988,-194.0078125,0,0,0,0,0,0,0,0,0,0,0,0
0.3978,0,0,0,-6.4334664,0,0,0,0,134.46875,2127.22709276018,-113570.053848201,-134.46875,226.26953125,7299.03139140271,-98374.0607276672,-226.26953125,0,0,0,0,0,0,0,0,0,0,0,0
0.40222,0,0,0,-75.427742,0,0,0,0,141.28515625,1542.17335972851,-132365.097970967,-141.28515625,256.4921875,6837.70503393665,-104372.47906472,-256.4921875,0,0,0,0,0,0,0,0,0,0,0,0
0.40664,0,0,0,-143.58275,0,0,0,0,145.76171875,1012.79694570136,-119768.419463156,-145.76171875,284.08984375,6243.81363122172,-134364.570749985,-284.08984375,0,0,0,0,0,0,0,0,0,0,0,0
0.41106,0,0,0,-210.14015,0,0,0,0,147.99609375,505.514705882353,-114769.737515612,-147.99609375,308.80859375,5592.47737556561,-147361.143813599,-308.80859375,0,0,0,0,0,0,0,0,0,0,0,0
0.41548,0,0,0,-274.35938,0,0,0,0,147.99609375,0,-114369.842959808,-147.99609375,330.05078125,4805.92477375566,-177953.077332569,-330.05078125,0,0,0,0,0,0,0,0,0,0,0,0
0.4199,0,0,0,-335.52588,0,0,0,0,146.5,-338.482748868778,-76579.8074363752,-146.5,347.93359375,4045.88518099547,-171954.658995516,-347.93359375,0,0,0,0,0,0,0,0,0,0,0,0
0.42432,0,0,0,-392.95908,0,0,0,0,142.7265625,-853.718891402715,-116569.263016728,-142.7265625,361.75390625,3126.76753393665,-207945.169017833,-361.75390625,0,0,0,0,0,0,0,0,0,0,0,0
0.42874,0,0,0,-446.0199,0,0,0,0,137.48828125,-1185.13150452489,-74980.2292131611,-137.48828125,371.5,2204.99858597285,-208545.010851539,-371.5,0,0,0,0,0,0,0,0,0,0,0,0
0.43316,0,0,0,-494.11795,0,0,0,0,131.140625,-1436.12132352941,-56785.0269241006,-131.140625,376.9453125,1231.97115384615,-220141.952969841,-376.9453125,0,0,0,0,0,0,0,0,0,0,0,0
0.43758,0,0,0,-536.71814,0,0,0,0,124.90625,-1410.49208144796,5798.47105915112,-124.90625,377.99609375,237.733314479638,-224940.687639483,-377.99609375,0,0,0,0,0,0,0,0,0,0,0,0
0.442,0,0,0,-573.34631,0,0,0,0,118.453125,-1459.98303167421,-11197.0475624987,-118.453125,375.3515625,-598.310237556561,-189150.124895068,-375.3515625,0,0,0,0,0,0,0,0,0,0,0,0
0.44642,0,0,0,-603.59509,0,0,0,0,112.953125,-1244.34389140271,48787.1358080301,-112.953125,366.94140625,-1902.75028280543,-295122.182183002,-366.94140625,0,0,0,0,0,0,0,0,0,0,0,0
0.45084,0,0,0,-627.12775,0,0,0,0,106.90625,-1368.07126696833,-27992.6189062468,-106.90625,354.30078125,-2859.86990950226,-216542.901967609,-354.30078125,0,0,0,0,0,0,0,0,0,0,0,0
0.45526,0,0,0,-643.68256,0,0,0,0,100.8515625,-1369.83880090498,-399.894555803504,-100.8515625,337.74609375,-3745.40441176471,-200347.172457566,-337.74609375,0,0,0,0,0,0,0,0,0,0,0,0
0.45968,0,0,0,-653.07526,0,0,0,0,93.7578125,-1604.92081447964,-53185.9759218689,-93.7578125,317.609375,-4555.81872171946,-183351.653835916,-317.609375,0,0,0,0,0,0,0,0,0,0,0,0
0.4641,0,0,0,-655.20129,0,0,0,0,85.984375,-1758.69626696833,-34790.8263549068,-85.984375,293.94140625,-5354.74406108597,-180752.339223194,-293.94140625,0,0,0,0,0,0,0,0,0,0,0,0
0.46852,0,0,0,-650.03717,0,0,0,0,77.25,-1976.10294117647,-49187.0303638336,-77.25,267.08203125,-6076.78167420814,-163356.92604574,-267.08203125,0,0,0,0,0,0,0,0,0,0,0,0
0.47294,0,0,0,-637.6402,0,0,0,0,67.0859375,-2299.56165158371,-73180.7037120451,-67.0859375,237.5703125,-6676.85944570136,-135764.201695297,-237.5703125,0,0,0,0,0,0,0,0,0,0,0,0
0.47736,0,0,0,-618.14832,0,0,0,0,56.19140625,-2464.82607466063,-37390.1409676297,-56.19140625,205.46484375,-7263.68071266968,-132764.992526771,-205.46484375,0,0,0,0,0,0,0,0,0,0,0,0
0.48178,0,0,0,-591.7785,0,0,0,0,44.23828125,-2704.32692307692,-54185.7123113777,-44.23828125,171.03125,-7790.40582579186,-119168.577629451,-171.03125,0,0,0,0,0,0,0,0,0,0,0,0
0.4862,0,0,0,-558.8241,0,0,0,0,30.6640625,-3071.09021493213,-82978.1203292316,-30.6640625,134.94921875,-8163.35548642534,-84377.7512745439,-134.94921875,0,0,0,0,0,0,0,0,0,0,0,0
0.49062,0,0,0,-519.65186,0,0,0,0,16.2109375,-3269.93778280543,-44988.1375278967,-16.2109375,97.44140625,-8485.93042986425,-72980.7564341433,-97.44140625,0,0,0,0,0,0,0,0,0,0,0,0
0.49504,0,0,0,-474.69751,0,0,0,0,0.98046875,-3445.80740950226,-39789.5083024507,-0.98046875,58.84375,-8732.50141402715,-55785.2905345918,-58.84375,0,0,0,0,0,0,0,0,0,0,0,0
0.49946,0,0,0,-424.46133,0,0,0,0,-14.83203125,-3577.48868778281,-29792.1444073627,14.83203125,19.70703125,-8854.46125565611,-27592.7243504432,-19.70703125,0,0,0,0,0,0,0,0,0,0,0,0
0.50388,0,0,0,-369.50229,0,0,0,0,-31.24609375,-3713.58880090498,-30791.8807968715,31.24609375,-19.640625,-8902.1846719457,-10797.1530066952,19.640625,0,0,0,0,0,0,0,0,0,0,0,0
0.5083,0,0,0,-310.43188,0,0,0,0,-47.76171875,-3736.56674208145,-5198.62922544576,47.76171875,-58.609375,-8816.4592760181,19394.8859564711,58.609375,0,0,0,0,0,0,0,0,0,0,0,0
0.51272,0,0,0,-247.90739,0,0,0,0,-64.09375,-3695.02969457014,9397.52206138276,64.09375,-97.2109375,-8733.38518099547,18795.0441227657,97.2109375,0,0,0,0,0,0,0,0,0,0,0,0
0.51714,0,0,0,-182.6245,0,0,0,0,-80.04296875,-3608.42053167421,19594.8332343728,80.04296875,-134.8046875,-8505.37330316742,51586.3976986547,134.8046875,0,0,0,0,0,0,0,0,0,0,0,0
0.52156,0,0,0,-115.30957,0,0,0,0,-95.27734375,-3446.69117647059,36590.3518560226,95.27734375,-171.11328125,-8214.61397058823,65782.6544296801,171.11328125,0,0,0,0,0,0,0,0,0,0,0,0
0.52598,0,0,0,-46.711624,0,0,0,0,-109.48828125,-3215.14423076923,52386.1868102618,109.48828125,-205.8046875,-7848.73444570136,82778.1730513297,205.8046875,0,0,0,0,0,0,0,0,0,0,0,0
0.5304,0,0,0,22.406067,0,0,0,0,-122.6171875,-2970.34078054299,55385.3959787883,122.6171875,-238.56640625,-7412.15356334842,98773.9552834709,238.56640625,0,0,0,0,0,0,0,0,0,0,0,0
0.53482,0,0,0,91.274452,0,0,0,0,-134.73046875,-2740.56136877828,51986.2922544583,134.73046875,-269.1328125,-6915.47652714932,112370.370180791,269.1328125,0,0,0,0,0,0,0,0,0,0,0,0
0.53924,0,0,0,159.12724,0,0,0,0,-145.32421875,-2396.77601809955,77779.4911037857,145.32421875,-297.04296875,-6314.51498868778,135964.148973199,297.04296875,0,0,0,0,0,0,0,0,0,0,0,0
0.54366,0,0,0,225.20947,0,0,0,0,-153.83984375,-1926.61199095023,106371.951843738,153.83984375,-322.0078125,-5648.15469457014,150760.247537929,322.0078125,0,0,0,0,0,0,0,0,0,0,0,0
0.54808,0,0,0,288.78586,0,0,0,0,-160,-1393.70050904977,120568.208574763,160,-344,-4975.60803167421,152159.878483242,344,0,0,0,0,0,0,0,0,0,0,0,0
0.5525,0,0,0,349.14899,0,0,0,0,-163.50390625,-792.738970588235,135964.148973199,163.50390625,-362.03515625,-4080.35209276018,202546.592514486,362.03515625,0,0,0,0,0,0,0,0,0,0,0,0
0.55692,0,0,0,405.62723,0,0,0,0,-165,-338.482748868778,102772.900841506,165,-376.9296875,-3369.80345022624,160757.611433017,376.9296875,0,0,0,0,0,0,0,0,0,0,0,0
0.56134,0,0,0,457.59213,0,0,0,0,-165,0,76579.8074363752,165,-388,-2504.59558823529,195748.385065826,388,0,0,0,0,0,0,0,0,0,0,0,0
0.56576,0,0,0,504.46555,0,0,0,0,-161.17578125,865.20786199095,195748.385065826,161.17578125,-395.25390625,-1641.155260181,195348.490510022,395.25390625,0,0,0,0,0,0,0,0,0,0,0,0
0.57018,0,0,0,545.72589,0,0,0,0,-155.65234375,1249.64649321267,86977.0658872668,155.65234375,-398.73828125,-788.320135746606,192949.123175201,398.73828125,0,0,0,0,0,0,0,0,0,0,0,0
0.5746,0,0,0,580.91406,0,0,0,0,-148.7890625,1552.77856334842,68581.9163203046,148.7890625,-399,-59.2123868778281,164956.504268954,399,0,0,0,0,0,0,0,0,0,0,0,0
0.57902,0,0,0,609.63861,0,0,0,0,-141.2421875,1707.43778280543,34990.7736328085,141.2421875,-394.28125,1067.59049773756,254932.779324748,394.28125,0,0,0,0,0,0,0,0,0,0,0,0
0.58344,0,0,0,631.57977,0,0,0,0,-132.24609375,2035.3153280543,74180.440101554,132.24609375,-385,2099.83031674208,233538.420589259,385,0,0,0,0,0,0,0,0,0,0,0,0
0.58786,0,0,0,646.49359,0,0,0,0,-122.66015625,2168.76414027149,30192.0389631662,122.66015625,-371.74609375,2998.62132352941,203346.381626093,371.74609375,0,0,0,0,0,0,0,0,0,0,0,0
0.59228,0,0,0,654.21399,0,0,0,0,-111.734375,2471.89621040724,68581.9163203047,111.734375,-355.0859375,3769.2661199095,174354.026330337,355.0859375,0,0,0,0,0,0,0,0,0,0,0,0
0.5967,0,0,0,654.65509,0,0,0,0,-99.95703125,2664.55740950226,43588.5065825842,99.95703125,-335.1015625,4521.35180995475,170155.1334944,335.1015625,0,0,0,0,0,0,0,0,0,0,0,0
0.60112,0,0,0,647.81207,0,0,0,0,-87.37109375,2847.4971719457,41389.086525665,87.37109375,-311.72265625,5289.34530542986,173754.184496632,311.72265625,0,0,0,0,0,0,0,0,0,0,0,0
0.60554,0,0,0,633.76093,0,0,0,0,-74.13671875,2994.20248868778,33191.2481316926,74.13671875,-285.125,6017.56928733032,164756.556991052,285.125,0,0,0,0,0,0,0,0,0,0,0,0
0.60996,0,0,0,612.65814,0,0,0,0,-59.94140625,3211.60916289593,49187.0303638337,59.94140625,-255.58203125,6683.92958144796,150760.247537929,255.58203125,0,0,0,0,0,0,0,0,0,0,0,0
0.61438,0,0,0,584.73846,0,0,0,0,-45.421875,3284.96182126697,16595.6240658463,45.421875,-223.3203125,7299.03139140271,139163.305419627,223.3203125,0,0,0,0,0,0,0,0,0,0,0,0
0.6188,0,0,0,550.3125,0,0,0,0,-30.52734375,3369.80345022624,19194.9386785692,30.52734375,-188.82421875,7804.54609728507,114369.842959808,188.82421875,0,0,0,0,0,0,0,0,0,0,0,0
0.62322,0,0,0,509.7634,0,0,0,0,-15.2265625,3461.71521493213,20794.5169017834,15.2265625,-152.39453125,8242.01074660633,98973.9025613728,152.39453125,0,0,0,0,0,0,0,0,0,0,0,0
0.62764,0,0,0,463.54227,0,0,0,0,-0.140625,3413.10803167421,-10997.100284597,0.140625,-114.10546875,8662.68382352941,95174.904281239,114.10546875,0,0,0,0,0,0,0,0,0,0,0,0
0.63206,0,0,0,412.16339,0,0,0,0,14.9140625,3406.0378959276,-1599.57822321402,-14.9140625,-74.5625,8946.37302036199,64183.076206466,74.5625,0,0,0,0,0,0,0,0,0,0,0,0
0.63648,0,0,0,356.19852,0,0,0,0,29.33203125,3261.9838800905,-32591.4062979873,-29.33203125,-34.296875,9109.86990950226,36990.2464118261,34.296875,0,0,0,0,0,0,0,0,0,0,0,0
0.6409,0,0,0,296.27029,0,0,0,0,43.36328125,3174.49095022624,-19794.7805122746,-43.36328125,6.33984375,9193.82777149321,18994.9914006674,-6.33984375,0,0,0,0,0,0,0,0,0,0,0,0
0.64532,0,0,0,233.04553,0,0,0,0,55.8125,2816.5653280543,-80978.6475502139,-55.8125,46.93359375,9184.10633484163,-2199.42005691938,-46.93359375,0,0,0,0,0,0,0,0,0,0,0,0
0.64974,0,0,0,167.22774,0,0,0,0,67.53125,2651.30090497738,-37390.1409676296,-67.53125,87.16796875,9102.79977375566,-18395.149566962,-87.16796875,0,0,0,0,0,0,0,0,0,0,0,0
0.65416,0,0,0,99.549248,0,0,0,0,77.30078125,2210.30118778281,-99773.6916729797,-77.30078125,126.30078125,8853.57748868778,-56385.1323682972,-126.30078125,0,0,0,0,0,0,0,0,0,0,0,0
0.65858,0,0,0,30.763096,0,0,0,0,85.6796875,1895.68014705882,-71181.2309330276,-85.6796875,164.23046875,8581.37726244344,-61583.761593743,-164.23046875,0,0,0,0,0,0,0,0,0,0,0,0
0.663,0,0,0,-38.365349,0,0,0,0,92.34375,1507.7064479638,-87776.8549988739,-92.34375,199.76953125,8040.51187782805,-122367.734075879,-199.76953125,0,0,0,0,0,0,0,0,0,0,0,0
0.66742,0,0,0,-107.06691,0,0,0,0,96.99609375,1052.56645927602,-102972.848119408,-96.99609375,233.23828125,7572.11538461538,-105972.057287934,-233.23828125,0,0,0,0,0,0,0,0,0,0,0,0
0.67184,0,0,0,-174.57716,0,0,0,0,100.22265625,729.991515837104,-72980.7564341435,-100.22265625,263.65625,6881.89338235294,-156158.824041277,-263.65625,0,0,0,0,0,0,0,0,0,0,0,0
0.67626,0,0,0,-240.14494,0,0,0,0,101.9296875,386.206165158371,-77779.4911037857,-101.9296875,290.91796875,6167.8096719457,-161557.400544624,-290.91796875,0,0,0,0,0,0,0,0,0,0,0,0
0.68068,0,0,0,-303.04071,0,0,0,0,101.99609375,15.0240384615385,-83977.8567187404,-101.99609375,314.32421875,5295.53167420814,-197347.96328904,-314.32421875,0,0,0,0,0,0,0,0,0,0,0,0
0.6851,0,0,0,-362.56458,0,0,0,0,101.99609375,0,-3399.10372432997,-101.99609375,333.66796875,4376.41402714932,-207945.169017833,-333.66796875,0,0,0,0,0,0,0,0,0,0,0,0
0.68952,0,0,0,-418.05432,0,0,0,0,99.5546875,-552.35435520362,-124967.048688602,-99.5546875,348.8828125,3442.27234162896,-211344.272742163,-348.8828125,0,0,0,0,0,0,0,0,0,0,0,0
0.69394,0,0,0,-468.89246,0,0,0,0,96.44140625,-704.362273755656,-34390.9317991032,-96.44140625,359.0078125,2290.72398190045,-260531.303105997,-359.0078125,0,0,0,0,0,0,0,0,0,0,0,0
0.69836,0,0,0,-514.51331,0,0,0,0,92.83203125,-816.600678733032,-25393.3042935239,-92.83203125,364.9140625,1336.2556561086,-215943.060133904,-364.9140625,0,0,0,0,0,0,0,0,0,0,0,0
0.70278,0,0,0,-554.40936,0,0,0,0,88.49609375,-980.981334841629,-37190.1936897279,-88.49609375,365.99609375,244.803450226244,-246934.888208677,-365.99609375,0,0,0,0,0,0,0,0,0,0,0,0
0.7072,0,0,0,-588.1366,0,0,0,0,84.43359375,-919.117647058823,13996.3094531234,-84.43359375,362.734375,-737.945418552036,-222341.37302676,-362.734375,0,0,0,0,0,0,0,0,0,0,0,0
0.71162,0,0,0,-615.31982,0,0,0,0,80.015625,-999.54044117647,-18195.2022890604,-80.015625,353.71875,-2039.73416289593,-294522.340349297,-353.71875,0,0,0,0,0,0,0,0,0,0,0,0
0.71604,0,0,0,-635.65649,0,0,0,0,76.5234375,-790.087669683258,47387.5048627178,-76.5234375,340.24609375,-3048.11227375566,-228139.844085911,-340.24609375,0,0,0,0,0,0,0,0,0,0,0,0
0.72046,0,0,0,-648.92041,0,0,0,0,72.94140625,-810.414309954751,-4598.78739174053,-72.94140625,322.70703125,-3968.11368778281,-208145.116295735,-322.70703125,0,0,0,0,0,0,0,0,0,0,0,0
0.72488,0,0,0,-654.96393,0,0,0,0,69.20703125,-844.881221719457,-7797.94383816875,-69.20703125,301.4375,-4812.11114253394,-190949.650396183,-301.4375,0,0,0,0,0,0,0,0,0,0,0,0
0.7293,0,0,0,-653.71985,0,0,0,0,64.80859375,-995.121606334842,-33991.0372432997,-64.80859375,276.2734375,-5693.22680995475,-199347.436068058,-276.2734375,0,0,0,0,0,0,0,0,0,0,0,0
0.73372,0,0,0,-645.20197,0,0,0,0,59.9375,-1102.05740950226,-24193.6206261133,-59.9375,247.96484375,-6404.65921945701,-160957.558710919,-247.96484375,0,0,0,0,0,0,0,0,0,0,0,0
0.73814,0,0,0,-629.50507,0,0,0,0,54.24609375,-1287.64847285068,-41988.9283593702,-54.24609375,216.76171875,-7059.53054298642,-148160.932925206,-216.76171875,0,0,0,0,0,0,0,0,0,0,0,0
0.74256,0,0,0,-606.80383,0,0,0,0,47.703125,-1480.3096719457,-43588.5065825843,-47.703125,183.3515625,-7558.8588800905,-112970.212014496,-183.3515625,0,0,0,0,0,0,0,0,0,0,0,0
0.74698,0,0,0,-577.35089,0,0,0,0,39.96484375,-1750.74236425339,-61183.8670379394,-39.96484375,147.9609375,-8006.92873303167,-101373.269896194,-147.9609375,0,0,0,0,0,0,0,0,0,0,0,0
0.7514,0,0,0,-541.47388,0,0,0,0,31.0703125,-2012.33738687783,-59184.3942589218,-31.0703125,111.01953125,-8357.78421945701,-79379.0693269998,-111.01953125,0,0,0,0,0,0,0,0,0,0,0,0
0.75582,0,0,0,-499.57199,0,0,0,0,20.984375,-2281.88631221719,-60983.9197600376,-20.984375,73.2578125,-8543.37528280543,-41988.9283593702,-73.2578125,0,0,0,0,0,0,0,0,0,0,0,0
0.76024,0,0,0,-452.11151,0,0,0,0,9.46484375,-2606.22878959276,-73380.6509899469,-9.46484375,34.81640625,-8697.15073529412,-34790.8263549067,-34.81640625,0,0,0,0,0,0,0,0,0,0,0,0
0.76466,0,0,0,-399.62051,0,0,0,0,-2.95703125,-2810.37895927602,-46187.8211953073,2.95703125,-3.640625,-8700.68580316742,-799.789111607009,3.640625,0,0,0,0,0,0,0,0,0,0,0,0
0.76908,0,0,0,-342.68304,0,0,0,0,-16.5234375,-3069.32268099547,-58584.5524252165,16.5234375,-41.640625,-8597.2850678733,23393.8315145061,41.640625,0,0,0,0,0,0,0,0,0,0,0,0
0.7735,0,0,0,-281.93259,0,0,0,0,-30.59375,-3183.3286199095,-25793.1988493274,30.59375,-79.0703125,-8468.25509049774,29192.3025736577,79.0703125,0,0,0,0,0,0,0,0,0,0,0,0
0.77792,0,0,0,-218.04517,0,0,0,0,-45.26953125,-3320.3125,-30991.8280747732,45.26953125,-115.0390625,-8137.72624434389,74780.281935259,115.0390625,0,0,0,0,0,0,0,0,0,0,0,0
0.78234,0,0,0,-151.73161,0,0,0,0,-60.0546875,-3345.05797511312,-5598.52378124937,60.0546875,-149.6484375,-7830.17533936651,69581.6527098137,149.6484375,0,0,0,0,0,0,0,0,0,0,0,0
0.78676,0,0,0,-83.729767,0,0,0,0,-74.53125,-3275.24038461538,15795.8349542392,74.53125,-182.3984375,-7409.50226244344,95174.904281239,182.3984375,0,0,0,0,0,0,0,0,0,0,0,0
0.79118,0,0,0,-14.796283,0,0,0,0,-89.02734375,-3279.65921945701,-999.736389508864,89.02734375,-213.04296875,-6933.15186651584,107771.58278905,213.04296875,0,0,0,0,0,0,0,0,0,0,0,0
0.7956,0,0,0,54.301834,0,0,0,0,-102.77734375,-3110.85972850679,38189.9300792367,102.77734375,-241.25,-6381.68127828054,124767.1014107,241.25,0,0,0,0,0,0,0,0,0,0,0,0
0.80002,0,0,0,122.79575,0,0,0,0,-115.640625,-2910.24462669683,45388.0320837002,115.640625,-266.79296875,-5778.95220588235,136364.043529002,266.79296875,0,0,0,0,0,0,0,0,0,0,0,0
0.80444,0,0,0,189.92334,0,0,0,0,-127.59765625,-2705.21069004525,46387.768473209,127.59765625,-289.640625,-5169.15299773756,137963.621752216,289.640625,0,0,0,0,0,0,0,0,0,0,0,0
0.80886,0,0,0,254.93771,0,0,0,0,-137.5703125,-2256.25707013575,101573.217174096,137.5703125,-309.37890625,-4465.67449095023,159158.033209803,309.37890625,0,0,0,0,0,0,0,0,0,0,0,0
0.81328,0,0,0,317.11545,0,0,0,0,-145.3828125,-1767.53393665158,110570.844679675,145.3828125,-325.80859375,-3717.12386877828,169355.344382793,325.80859375,0,0,0,0,0,0,0,0,0,0,0,0
0.8177,0,0,0,375.76471,0,0,0,0,-150.54296875,-1167.45616515837,135764.201695297,150.54296875,-338.65234375,-2905.8257918552,183551.601113818,338.65234375,0,0,0,0,0,0,0,0,0,0,0,0
0.82212,0,0,0,430.23294,0,0,0,0,-153,-555.889423076923,138363.51630802,153,-348.31640625,-2186.43947963801,162757.084212035,348.31640625,0,0,0,0,0,0,0,0,0,0,0,0
0.82654,0,0,0,479.91409,0,0,0,0,-154,-226.244343891403,74580.3346573575,154,-354.375,-1370.7225678733,184551.337503327,354.375,0,0,0,0,0,0,0,0,0,0,0,0
0.83096,0,0,0,524.25537,0,0,0,0,-151.24609375,623.055712669683,192149.334063594,151.24609375,-357.31640625,-665.476527149321,159557.927765607,357.31640625,0,0,0,0,0,0,0,0,0,0,0,0
0.83538,0,0,0,562.76337,0,0,0,0,-145.87109375,1216.06334841629,134164.623472083,145.87109375,-358,-154.659219457014,115569.526627219,358,0,0,0,0,0,0,0,0,0,0,0,0
0.8398,0,0,0,595.00958,0,0,0,0,-138.71875,1618.17731900452,90976.0114453021,138.71875,-354.38671875,817.484445701357,219942.005691939,354.38671875,0,0,0,0,0,0,0,0,0,0,0,0
0.84422,0,0,0,620.63538,0,0,0,0,-130.1953125,1928.37952488688,70181.4945435188,130.1953125,-346.78125,1720.69428733032,204346.118015602,346.78125,0,0,0,0,0,0,0,0,0,0,0,0
0.84864,0,0,0,639.35541,0,0,0,0,-120.17578125,2266.86227375566,76579.8074363752,120.17578125,-335.88671875,2464.82607466063,168355.607993284,335.88671875,0,0,0,0,0,0,0,0,0,0,0,0
0.85306,0,0,0,650.96155,0,0,0,0,-108.3828125,2668.09247737557,90776.0641674003,108.3828125,-321.80078125,3186.86368778281,163356.92604574,321.80078125,0,0,0,0,0,0,0,0,0,0,0,0
0.85748,0,0,0,655.32465,0,0,0,0,-95.7421875,2859.86990950226,43388.5593046825,95.7421875,-304.55859375,3900.94739819005,161557.400544624,304.55859375,0,0,0,0,0,0,0,0,0,0,0,0
0.8619,0,0,0,652.39606,0,0,0,0,-81.68359375,3180.67731900452,72580.8618783399,81.68359375,-284.2734375,4589.40186651584,155758.929485473,284.2734375,0,0,0,0,0,0,0,0,0,0,0,0
0.86632,0,0,0,642.20844,0,0,0,0,-66.65625,3399.85152714932,49586.9249196372,66.65625,-261.41796875,5170.92053167421,131565.30885936,261.41796875,0,0,0,0,0,0,0,0,0,0,0,0
0.87074,0,0,0,624.87512,0,0,0,0,-50.71484375,3606.65299773756,46787.6630290125,50.71484375,-235.76953125,5802.81391402715,142962.30369976,235.76953125,0,0,0,0,0,0,0,0,0,0,0,0
0.87516,0,0,0,600.58893,0,0,0,0,-34.15234375,3747.17194570136,31791.6171863803,34.15234375,-207.8828125,6309.21238687783,114569.79023771,207.8828125,0,0,0,0,0,0,0,0,0,0,0,0
0.87958,0,0,0,569.62018,0,0,0,0,-17.0390625,3871.78308823529,28192.5661841485,17.0390625,-177.6953125,6829.75113122172,117768.946684139,177.6953125,0,0,0,0,0,0,0,0,0,0,0,0
0.884,0,0,0,532.31342,0,0,0,0,0.21484375,3903.59869909502,7198.10200446349,-0.21484375,-145.296875,7329.96323529412,113170.159292398,145.296875,0,0,0,0,0,0,0,0,0,0,0,0
0.88842,0,0,0,489.08371,0,0,0,0,17.29296875,3863.82918552036,-8997.62750557936,-17.29296875,-110.984375,7763.00904977375,97974.1661718637,110.984375,0,0,0,0,0,0,0,0,0,0,0,0
0.89284,0,0,0,440.41211,0,0,0,0,34.0625,3794.01159502262,-15795.8349542392,-34.0625,-75.0546875,8128.88857466063,82778.1730513299,75.0546875,0,0,0,0,0,0,0,0,0,0,0,0
0.89726,0,0,0,386.84015,0,0,0,0,49.91015625,3585.44259049774,-47187.557584816,-49.91015625,-38.36328125,8301.22313348416,38989.7191908436,38.36328125,0,0,0,0,0,0,0,0,0,0,0,0
0.90168,0,0,0,328.9639,0,0,0,0,64.8046875,3369.80345022624,-48787.1358080302,-64.8046875,-0.76171875,8507.14083710407,46587.715751111,0.76171875,0,0,0,0,0,0,0,0,0,0,0,0
0.9061,0,0,0,267.42737,0,0,0,0,78.15234375,3019.83173076923,-79179.1220490981,-78.15234375,37.375,8628.2169117647,27392.7770725412,-37.375,0,0,0,0,0,0,0,0,0,0,0,0
0.91052,0,0,0,202.91522,0,0,0,0,89.765625,2627.43919683258,-88776.5913883827,-89.765625,75.48828125,8622.91430995475,-1199.68366741031,-75.48828125,0,0,0,0,0,0,0,0,0,0,0,0
0.91494,0,0,0,136.14529,0,0,0,0,99.91796875,2296.91035067873,-74780.2819352593,-99.91796875,113.0859375,8506.25707013575,-26393.0406830329,-113.0859375,0,0,0,0,0,0,0,0,0,0,0,0
0.91936,0,0,0,67.860519,0,0,0,0,107.53515625,1723.34558823529,-129765.783358244,-107.53515625,149.84765625,8317.13093891403,-42788.7174709772,-149.84765625,0,0,0,0,0,0,0,0,0,0,0,0
0.92378,0,0,0,-1.1793225,0,0,0,0,112.94140625,1223.1334841629,-113170.159292398,-112.94140625,185.36328125,8035.2092760181,-63783.1816506623,-185.36328125,0,0,0,0,0,0,0,0,0,0,0,0
0.9282,0,0,0,-70.206047,0,0,0,0,116.12109375,719.386312217194,-113969.948404005,-116.12109375,218.95703125,7600.39592760181,-98374.0607276672,-218.95703125,0,0,0,0,0,0,0,0,0,0,0,0
0.93262,0,0,0,-138.4516,0,0,0,0,117.45703125,302.248303167421,-94375.115169632,-117.45703125,250.2734375,7085.15978506787,-116569.263016728,-250.2734375,0,0,0,0,0,0,0,0,0,0,0,0
0.93704,0,0,0,-205.15665,0,0,0,0,117.99609375,121.959841628959,-40789.2446919596,-117.99609375,278.61328125,6411.72935520362,-152359.825761143,-278.61328125,0,0,0,0,0,0,0,0,0,0,0,0
0.94146,0,0,0,-269.57895,0,0,0,0,116.5,-338.482748868778,-104172.531786818,-116.5,303.75390625,5687.9242081448,-163756.820601544,-303.75390625,0,0,0,0,0,0,0,0,0,0,0,0
0.94588,0,0,0,-331.00174,0,0,0,0,113.8984375,-588.588800904977,-56585.0796461989,-113.8984375,325.34375,4884.58003393665,-181752.075612702,-325.34375,0,0,0,0,0,0,0,0,0,0,0,0
0.9503,0,0,0,-388.74155,0,0,0,0,110.29296875,-815.716911764706,-51386.4504207531,-110.29296875,342.68359375,3923.04157239819,-217542.638357118,-342.68359375,0,0,0,0,0,0,0,0,0,0,0,0
0.95472,0,0,0,-442.15591,0,0,0,0,106.30078125,-903.209841628959,-19794.7805122745,-106.30078125,355.84765625,2978.29468325792,-213743.640076984,-355.84765625,0,0,0,0,0,0,0,0,0,0,0,0
0.95914,0,0,0,-490.65051,0,0,0,0,102.13671875,-942.095588235294,-8797.68022767756,-102.13671875,364.22265625,1894.7963800905,-245135.362707561,-364.22265625,0,0,0,0,0,0,0,0,0,0,0,0
0.96356,0,0,0,-533.68579,0,0,0,0,98.09375,-914.698812217194,6198.36561495465,-98.09375,367.90234375,832.508484162896,-240336.628037919,-367.90234375,0,0,0,0,0,0,0,0,0,0,0,0
0.96798,0,0,0,-570.7829,0,0,0,0,94.51953125,-808.646776018099,23993.6733482115,-94.51953125,367.99609375,21.210407239819,-183551.601113818,-367.99609375,0,0,0,0,0,0,0,0,0,0,0,0
0.9724,0,0,0,-601.52899,0,0,0,0,91.54296875,-673.430429864253,30591.9335189697,-91.54296875,362.18359375,-1315.04524886878,-302320.284187465,-362.18359375,0,0,0,0,0,0,0,0,0,0,0,0
0.97682,0,0,0,-625.58203,0,0,0,0,88.70703125,-641.614819004525,7198.10200446346,-88.70703125,351.50390625,-2416.21889140271,-249134.308265596,-351.50390625,0,0,0,0,0,0,0,0,0,0,0,0
0.98124,0,0,0,-642.67438,0,0,0,0,85.76171875,-666.360294117647,-5598.52378124934,-85.76171875,336.6171875,-3368.03591628959,-215343.218300199,-336.6171875,0,0,0,0,0,0,0,0,0,0,0,0
0.98566,0,0,0,-652.61591,0,0,0,0,82.1484375,-817.484445701357,-34190.9845212015,-82.1484375,318.13671875,-4181.10152714932,-183951.495669622,-318.13671875,0,0,0,0,0,0,0,0,0,0,0,0
0.99008,0,0,0,-655.2959,0,0,0,0,78.21484375,-889.953337104072,-16395.6767879446,-78.21484375,295.76953125,-5060.44966063348,-198947.541512254,-295.76953125,0,0,0,0,0,0,0,0,0,0,0,0
0.9945,0,0,0,-650.68457,0,0,0,0,73.6796875,-1026.05345022624,-30791.8807968715,-73.6796875,270.38671875,-5742.717760181,-154359.298540161,-270.38671875,0,0,0,0,0,0,0,0,0,0,0,0
0.99892,0,0,0,-638.83325,0,0,0,0,68.44140625,-1185.13150452489,-35990.5100223173,-68.44140625,241.76953125,-6474.47680995475,-165556.34610266,-241.76953125,0,0,0,0,0,0,0,0,0,0,0,0
1.00334,0,0,0,-619.87378,0,0,0,0,62,-1457.33173076923,-61583.761593743,-62,210.578125,-7056.87924208145,-131765.256137262,-210.578125,0,0,0,0,0,0,0,0,0,0,0,0
1.00776,0,0,0,-594.01709,0,0,0,0,54.51953125,-1692.41374434389,-53185.9759218689,-54.51953125,177.3046875,-7527.92703619909,-106571.89912164,-177.3046875,0,0,0,0,0,0,0,0,0,0,0,0
1.01218,0,0,0,-561.55096,0,0,0,0,45.9453125,-1939.86849547511,-55985.2378124936,-45.9453125,142.25,-7930.92477375566,-91175.9587232037,-142.25,0,0,0,0,0,0,0,0,0,0,0,0
1.0166,0,0,0,-522.83661,0,0,0,0,35.72265625,-2312.8181561086,-84377.7512745439,-35.72265625,105.8203125,-8242.01074660633,-70381.4418214207,-105.8203125,0,0,0,0,0,0,0,0,0,0,0,0
1.02102,0,0,0,-478.30478,0,0,0,0,24.2890625,-2586.78591628959,-61983.6561495465,-24.2890625,68.6640625,-8406.39140271493,-37190.1936897277,-68.6640625,0,0,0,0,0,0,0,0,0,0,0,0
1.02544,0,0,0,-428.45096,0,0,0,0,11.65234375,-2858.98614253394,-61583.761593743,-11.65234375,31.08203125,-8502.72200226244,-21794.2532912921,-31.08203125,0,0,0,0,0,0,0,0,0,0,0,0
1.02986,0,0,0,-373.82986,0,0,0,0,-1.984375,-3085.23048642534,-51186.5031428513,1.984375,-6.3125,-8460.3011877828,9597.46933928451,6.3125,0,0,0,0,0,0,0,0,0,0,0,0
1.03428,0,0,0,-315.04926,0,0,0,0,-16.3125,-3241.657239819,-35390.668188612,16.3125,-43.31640625,-8371.92449095022,19994.7277901765,43.31640625,0,0,0,0,0,0,0,0,0,0,0,0
1.0387,0,0,0,-252.7632,0,0,0,0,-31.3046875,-3391.89762443439,-33991.0372432997,31.3046875,-79.61328125,-8211.96266968326,36190.4573002191,79.61328125,0,0,0,0,0,0,0,0,0,0,0,0
1.04312,0,0,0,-187.66469,0,0,0,0,-46.47265625,-3431.66713800905,-8997.62750557936,46.47265625,-114.41015625,-7872.59615384615,76779.7547142767,114.41015625,0,0,0,0,0,0,0,0,0,0,0,0
1.04754,0,0,0,-120.47808,0,0,0,0,-61.8125,-3470.55288461538,-8797.68022767751,61.8125,-148.12109375,-7626.90893665158,55585.3432566902,148.12109375,0,0,0,0,0,0,0,0,0,0,0,0
1.05196,0,0,0,-51.950951,0,0,0,0,-76.7421875,-3377.75735294118,20994.4641796851,76.7421875,-180,-7212.42222850679,93775.2733359266,180,0,0,0,0,0,0,0,0,0,0,0,0
1.05638,0,0,0,17.154226,0,0,0,0,-90.88671875,-3200.12019230769,40189.4028582543,90.88671875,-209.6484375,-6707.79128959276,114169.895681907,209.6484375,0,0,0,0,0,0,0,0,0,0,0,0
1.0608,0,0,0,86.068535,0,0,0,0,-104.5859375,-3099.37075791855,22793.989680801,104.5859375,-237.1328125,-6218.18438914027,110770.791957576,237.1328125,0,0,0,0,0,0,0,0,0,0,0,0
1.06522,0,0,0,154.02518,0,0,0,0,-117.0625,-2822.75169683258,62583.4979832517,117.0625,-262.0078125,-5627.82805429864,133564.781638378,262.0078125,0,0,0,0,0,0,0,0,0,0,0,0
1.06964,0,0,0,220.26802,0,0,0,0,-127.91015625,-2454.22087104072,83378.0148850351,127.91015625,-284.0703125,-4991.51583710407,143962.040089269,284.0703125,0,0,0,0,0,0,0,0,0,0,0,0
1.07406,0,0,0,284.06,0,0,0,0,-136.6640625,-1980.5217760181,107171.740955345,136.6640625,-303.30859375,-4352.55231900452,144561.881922975,303.30859375,0,0,0,0,0,0,0,0,0,0,0,0
1.07848,0,0,0,344.69131,0,0,0,0,-143.265625,-1493.56617647059,110170.950123871,143.265625,-319.33984375,-3626.97963800905,164156.715157347,319.33984375,0,0,0,0,0,0,0,0,0,0,0,0
1.0829,0,0,0,401.48734,0,0,0,0,-147,-844.881221719457,146761.301979894,147,-332.01953125,-2868.70757918552,171554.764439713,332.01953125,0,0,0,0,0,0,0,0,0,0,0,0
1.08732,0,0,0,453.8161,0,0,0,0,-148,-226.244343891403,139963.094531234,148,-341.4453125,-2132.52969457014,166556.082492168,341.4453125,0,0,0,0,0,0,0,0,0,0,0,0
1.09174,0,0,0,501.09537,0,0,0,0,-148,0,51186.5031428513,148,-347.4296875,-1353.93099547511,176153.551831453,347.4296875,0,0,0,0,0,0,0,0,0,0,0,0
1.09616,0,0,0,542.79907,0,0,0,0,-143.0234375,1125.91911764706,254732.832046846,143.0234375,-350,-581.518665158371,174753.920886141,350,0,0,0,0,0,0,0,0,0,0,0,0
1.10058,0,0,0,578.4632,0,0,0,0,-136.6484375,1442.30769230769,71581.1254888311,136.6484375,-350,0,131565.30885936,350,0,0,0,0,0,0,0,0,0,0,0,0
1.105,0,0,0,607.69092,0,0,0,0,-128.7109375,1795.81447963801,79978.9111607051,128.7109375,-346.3515625,825.43834841629,186750.757560246,346.3515625,0,0,0,0,0,0,0,0,0,0,0,0
1.10942,0,0,0,630.15698,0,0,0,0,-119.515625,2080.38744343891,64383.0234843677,119.515625,-338.27734375,1826.74632352941,226540.265862697,338.27734375,0,0,0,0,0,0,0,0,0,0,0,0
1.11384,0,0,0,645.61145,0,0,0,0,-108.7734375,2430.35916289593,79179.1220490981,108.7734375,-326.796875,2597.3911199095,174354.026330337,326.796875,0,0,0,0,0,0,0,0,0,0,0,0
1.11826,0,0,0,653.88239,0,0,0,0,-97.00390625,2662.78987556561,52586.1340881636,97.00390625,-312.2109375,3299.98585972851,158958.085931902,312.2109375,0,0,0,0,0,0,0,0,0,0,0,0
1.12268,0,0,0,654.87769,0,0,0,0,-83.83984375,2978.29468325792,71381.1782109293,83.83984375,-294.4296875,4022.907239819,163556.873323642,294.4296875,0,0,0,0,0,0,0,0,0,0,0,0
1.1271,0,0,0,648.58636,0,0,0,0,-69.78125,3180.67731900452,45787.9266395037,69.78125,-273.91796875,4640.66035067873,139763.147253332,273.91796875,0,0,0,0,0,0,0,0,0,0,0,0
1.13152,0,0,0,635.07837,0,0,0,0,-54.90625,3365.38461538462,41788.9810814685,54.90625,-250.52734375,5291.99660633484,147361.143813599,250.52734375,0,0,0,0,0,0,0,0,0,0,0,0
1.13594,0,0,0,614.50403,0,0,0,0,-39.22265625,3548.32437782805,41389.0865256649,39.22265625,-224.57421875,5871.74773755656,131165.414303556,224.57421875,0,0,0,0,0,0,0,0,0,0,0,0
1.14036,0,0,0,587.09222,0,0,0,0,-23.25,3613.72313348416,14796.0985647305,23.25,-195.8671875,6494.80345022624,140962.830920743,195.8671875,0,0,0,0,0,0,0,0,0,0,0,0
1.14478,0,0,0,553.14801,0,0,0,0,-7.00390625,3675.58682126697,13996.3094531234,7.00390625,-165.171875,6944.64083710407,101773.164451997,165.171875,0,0,0,0,0,0,0,0,0,0,0,0
1.1492,0,0,0,513.04907,0,0,0,0,9.16796875,3658.79524886878,-3798.9982801335,-9.16796875,-132.30859375,7435.13150452489,110970.739235479,132.30859375,0,0,0,0,0,0,0,0,0,0,0,0
1.15362,0,0,0,467.24158,0,0,0,0,25.1015625,3604.8854638009,-12196.7839520075,-25.1015625,-97.8359375,7799.24349547511,82378.2784955262,97.8359375,0,0,0,0,0,0,0,0,0,0,0,0
1.15804,0,0,0,416.23517,0,0,0,0,40.40625,3462.59898190045,-32191.5117421838,-40.40625,-61.78515625,8156.28535067873,80778.7002723122,61.78515625,0,0,0,0,0,0,0,0,0,0,0,0
1.16246,0,0,0,360.59741,0,0,0,0,54.4609375,3179.7935520362,-63983.1289285641,-54.4609375,-24.90625,8343.6439479638,42388.8229151739,24.90625,0,0,0,0,0,0,0,0,0,0,0,0
1.16688,0,0,0,300.94739,0,0,0,0,67.50390625,2950.89790723982,-51786.3449765566,-67.50390625,12.984375,8572.53959276018,51786.3449765564,-12.984375,0,0,0,0,0,0,0,0,0,0,0,0
1.1713,0,0,0,237.94881,0,0,0,0,78.65625,2523.15469457014,-96774.4825044532,-78.65625,50.7421875,8542.4915158371,-6798.20744865978,-50.7421875,0,0,0,0,0,0,0,0,0,0,0,0
1.17572,0,0,0,172.30263,0,0,0,0,88.3203125,2186.43947963801,-76179.9128805717,-88.3203125,88.55078125,8553.98048642534,2599.31461272268,-88.55078125,0,0,0,0,0,0,0,0,0,0,0,0
1.18014,0,0,0,104.73927,0,0,0,0,95.9453125,1725.11312217195,-104372.47906472,-95.9453125,125.4921875,8357.78421945701,-44388.2956941912,-125.4921875,0,0,0,0,0,0,0,0,0,0,0,0
1.18456,0,0,0,36.010506,0,0,0,0,101.50390625,1257.6003959276,-105772.110010033,-101.50390625,161.45703125,8136.84247737557,-49986.8194754407,-161.45703125,0,0,0,0,0,0,0,0,0,0,0,0
1.18898,0,0,0,-33.118938,0,0,0,0,104.99609375,790.087669683258,-105772.110010033,-104.99609375,195.78125,7765.66035067873,-83977.8567187404,-195.78125,0,0,0,0,0,0,0,0,0,0,0,0
1.1934,0,0,0,-101.87988,0,0,0,0,106.44140625,326.993778280543,-104772.373620524,-106.44140625,227.890625,7264.56447963801,-113370.1065703,-227.890625,0,0,0,0,0,0,0,0,0,0,0,0
1.19782,0,0,0,-169.50722,0,0,0,0,106.99609375,125.494909502262,-45587.9793616019,-106.99609375,257.38671875,6673.32437782805,-133764.728916279,-257.38671875,0,0,0,0,0,0,0,0,0,0,0,0
1.20224,0,0,0,-235.2485,0,0,0,0,106.99609375,0,-28392.5134620503,-106.99609375,283.8515625,5987.52121040724,-155159.087651768,-283.8515625,0,0,0,0,0,0,0,0,0,0,0,0
1.20666,0,0,0,-298.37222,0,0,0,0,103.79296875,-724.688914027149,-163956.767879446,-103.79296875,306.68359375,5165.61792986425,-185950.96844864,-306.68359375,0,0,0,0,0,0,0,0,0,0,0,0
1.21108,0,0,0,-358.17603,0,0,0,0,100.91015625,-652.220022624434,16395.6767879446,-100.91015625,325.5625,4271.24575791855,-202346.645236584,-325.5625,0,0,0,0,0,0,0,0,0,0,0,0
1.2155,0,0,0,-413.99451,0,0,0,0,97.36328125,-802.460407239819,-33991.0372432997,-97.36328125,340.32421875,3339.75537330317,-210744.430908458,-340.32421875,0,0,0,0,0,0,0,0,0,0,0,0
1.21992,0,0,0,-465.20657,0,0,0,0,93.62109375,-846.648755656109,-9997.36389508815,-93.62109375,350.17578125,2228.86029411765,-251333.728322516,-350.17578125,0,0,0,0,0,0,0,0,0,0,0,0
1.22434,0,0,0,-511.2424,0,0,0,0,89.859375,-851.067590497737,-999.736389508812,-89.859375,355.68359375,1246.11142533937,-222341.37302676,-355.68359375,0,0,0,0,0,0,0,0,0,0,0,0
1.22876,0,0,0,-551.58978,0,0,0,0,86.3984375,-783.017533936651,15395.9403984357,-86.3984375,356.99609375,296.945701357466,-214743.376466493,-356.99609375,0,0,0,0,0,0,0,0,0,0,0,0
1.23318,0,0,0,-585.79974,0,0,0,0,83.6171875,-629.242081447964,34790.8263549067,-83.6171875,353.67578125,-751.201923076923,-237137.471591491,-353.67578125,0,0,0,0,0,0,0,0,0,0,0,0
1.2376,0,0,0,-613.49164,0,0,0,0,81.5234375,-473.699095022624,35190.7209107103,-81.5234375,344.75390625,-2018.52375565611,-286724.396511128,-344.75390625,0,0,0,0,0,0,0,0,0,0,0,0
1.24202,0,0,0,-634.35736,0,0,0,0,79.234375,-517.887443438914,-9997.36389508815,-79.234375,331.82421875,-2925.26866515837,-205145.907127209,-331.82421875,0,0,0,0,0,0,0,0,0,0,0,0
1.24644,0,0,0,-648.16479,0,0,0,0,76.97265625,-511.701074660633,1399.63094531235,-76.97265625,314.8515625,-3839.96747737557,-206945.432628325,-314.8515625,0,0,0,0,0,0,0,0,0,0,0,0
1.25086,0,0,0,-654.76025,0,0,0,0,74,-672.546662895928,-36390.4045781208,-74,294.3203125,-4645.07918552036,-182151.970168506,-294.3203125,0,0,0,0,0,0,0,0,0,0,0,0
1.25528,0,0,0,-654.07031,0,0,0,0,70.6328125,-761.807126696832,-20194.675068078,-70.6328125,270.3515625,-5422.79411764706,-175953.604553551,-270.3515625,0,0,0,0,0,0,0,0,0,0,0,0
1.2597,0,0,0,-646.10272,0,0,0,0,66.609375,-910.279977375566,-33591.1426874962,-66.609375,243.19921875,-6143.06419683258,-162957.031489937,-243.19921875,0,0,0,0,0,0,0,0,0,0,0,0
1.26412,0,0,0,-630.94611,0,0,0,0,61.8515625,-1076.42816742081,-37590.0882455314,-61.8515625,213.56640625,-6704.25622171946,-126966.521467619,-213.56640625,0,0,0,0,0,0,0,0,0,0,0,0
1.26854,0,0,0,-608.7691,0,0,0,0,55.9453125,-1336.2556561086,-58784.4997031183,-55.9453125,181.671875,-7215.95729638009,-115769.473905121,-181.671875,0,0,0,0,0,0,0,0,0,0,0,0
1.27296,0,0,0,-579.81848,0,0,0,0,48.87109375,-1600.50197963801,-59784.2360926271,-48.87109375,147.82421875,-7657.84078054299,-99973.6389508814,-147.82421875,0,0,0,0,0,0,0,0,0,0,0,0
1.27738,0,0,0,-544.41638,0,0,0,0,40.3984375,-1916.89055429864,-71581.1254888311,-40.3984375,112.66796875,-7953.90271493213,-66982.3380970906,-112.66796875,0,0,0,0,0,0,0,0,0,0,0,0
1.2818,0,0,0,-502.95667,0,0,0,0,30.44140625,-2252.72200226244,-75979.9656026699,-30.44140625,76.92578125,-8086.46776018099,-29992.0916852643,-76.92578125,0,0,0,0,0,0,0,0,0,0,0,0
1.28622,0,0,0,-455.9007,0,0,0,0,19,-2588.55345022624,-75979.9656026698,-19,40.3828125,-8267.63998868778,-40989.1919698616,-40.3828125,0,0,0,0,0,0,0,0,0,0,0,0
1.29064,0,0,0,-403.77203,0,0,0,0,6.40234375,-2850.14847285068,-59184.3942589218,-6.40234375,4.16015625,-8195.17109728507,16395.6767879447,-4.16015625,0,0,0,0,0,0,0,0,0,0,0,0
1.29506,0,0,0,-347.15067,0,0,0,0,-7.328125,-3106.44089366516,-57984.7105915112,7.328125,-31.91796875,-8162.47171945701,7398.04928236514,31.91796875,0,0,0,0,0,0,0,0,0,0,0,0
1.29948,0,0,0,-286.66669,0,0,0,0,-21.8203125,-3278.77545248869,-38989.7191908438,21.8203125,-66.71875,-7873.47992081448,65382.7598738766,66.71875,0,0,0,0,0,0,0,0,0,0,0,0
1.3039,0,0,0,-222.99301,0,0,0,0,-37,-3434.31843891403,-35190.7209107102,37,-100.875,-7727.65837104072,32991.3008537909,100.875,0,0,0,0,0,0,0,0,0,0,0,0
1.30832,0,0,0,-156.83817,0,0,0,0,-52.14453125,-3426.36453619909,1799.52550111587,52.14453125,-133.44140625,-7367.96521493213,81378.5421060173,133.44140625,0,0,0,0,0,0,0,0,0,0,0,0
1.31274,0,0,0,-88.93821,0,0,0,0,-67.0859375,-3380.40865384615,10397.2584508916,67.0859375,-164.3515625,-6993.24802036199,84777.6458303474,164.3515625,0,0,0,0,0,0,0,0,0,0,0,0
1.31716,0,0,0,-20.048658,0,0,0,0,-82.0078125,-3375.98981900452,999.736389508864,82.0078125,-193.25390625,-6538.99179864253,102772.900841506,193.25390625,0,0,0,0,0,0,0,0,0,0,0,0
1.32158,0,0,0,49.063965,0,0,0,0,-96.3046875,-3234.5871040724,31991.5644642821,96.3046875,-220.08984375,-6071.47907239819,105772.110010033,220.08984375,0,0,0,0,0,0,0,0,0,0,0,0
1.326,0,0,0,117.63067,0,0,0,0,-109.671875,-3024.25056561086,47587.4521406195,109.671875,-244.52734375,-5528.84615384615,122767.628631682,244.52734375,0,0,0,0,0,0,0,0,0,0,0,0
1.33042,0,0,0,184.88852,0,0,0,0,-121.640625,-2707.86199095023,71581.1254888312,121.640625,-266.24609375,-4913.7443438914,139163.305419627,266.24609375,0,0,0,0,0,0,0,0,0,0,0,0
1.33484,0,0,0,250.08917,0,0,0,0,-131.5078125,-2232.39536199095,107571.635511148,131.5078125,-285.38671875,-4330.45814479638,131965.203415163,285.38671875,0,0,0,0,0,0,0,0,0,0,0,0
1.33926,0,0,0,312.50714,0,0,0,0,-139.34375,-1772.83653846154,103972.584508917,139.34375,-301.49609375,-3644.65497737557,155159.087651768,301.49609375,0,0,0,0,0,0,0,0,0,0,0,0
1.34368,0,0,0,371.44791,0,0,0,0,-144.63671875,-1197.50424208145,130165.677914048,144.63671875,-314.45703125,-2932.33880090498,161157.505988821,314.45703125,0,0,0,0,0,0,0,0,0,0,0,0
1.3481,0,0,0,426.25568,0,0,0,0,-147,-534.679015837104,149960.458426322,147,-324.625,-2300.44541855204,142962.30369976,324.625,0,0,0,0,0,0,0,0,0,0,0,0
1.35252,0,0,0,476.32062,0,0,0,0,-147,0,120968.103130567,147,-331.46484375,-1547.47596153846,170355.080772302,331.46484375,0,0,0,0,0,0,0,0,0,0,0,0
1.35694,0,0,0,521.08563,0,0,0,0,-143.890625,703.47850678733,159158.033209803,143.890625,-335,-799.809106334842,169155.397104891,335,0,0,0,0,0,0,0,0,0,0,0,0
1.36136,0,0,0,560.05267,0,0,0,0,-138.1875,1290.29977375566,132764.99252677,138.1875,-336,-226.244343891403,129765.783358244,336,0,0,0,0,0,0,0,0,0,0,0,0
1.36578,0,0,0,592.78815,0,0,0,0,-130.51171875,1736.60209276018,100973.37534039,130.51171875,-333.80078125,497.560803167421,163756.820601544,333.80078125,0,0,0,0,0,0,0,0,0,0,0,0
1.3702,0,0,0,618.9278,0,0,0,0,-121.4765625,2044.15299773756,69581.6527098135,121.4765625,-327.15234375,1504.1713800905,227739.949530108,327.15234375,0,0,0,0,0,0,0,0,0,0,0,0
1.37462,0,0,0,638.18079,0,0,0,0,-111.00390625,2369.37924208145,73580.5982678487,111.00390625,-317.3515625,2217.37132352941,161357.453266723,317.3515625,0,0,0,0,0,0,0,0,0,0,0,0
1.37904,0,0,0,650.33295,0,0,0,0,-99.015625,2712.28082579186,77579.5438258839,99.015625,-304.53125,2900.52319004525,154559.245818063,304.53125,0,0,0,0,0,0,0,0,0,0,0,0
1.38346,0,0,0,655.24896,0,0,0,0,-85.703125,3011.8778280543,67782.1272086976,85.703125,-288.734375,3573.9536199095,152359.825761143,288.734375,0,0,0,0,0,0,0,0,0,0,0,0
1.38788,0,0,0,652.87421,0,0,0,0,-71.1640625,3289.3806561086,62783.4452611536,71.1640625,-270.125,4210.26583710407,143962.040089269,270.125,0,0,0,0,0,0,0,0,0,0,0,0
1.3923,0,0,0,643.23511,0,0,0,0,-55.82421875,3470.55288461538,40989.1919698613,55.82421875,-248.9296875,4795.31957013575,132365.097970967,248.9296875,0,0,0,0,0,0,0,0,0,0,0,0
1.39672,0,0,0,626.43884,0,0,0,0,-39.703125,3647.30627828054,39989.4555803526,39.703125,-225.10546875,5390.094739819,134564.518027886,225.10546875,0,0,0,0,0,0,0,0,0,0,0,0
1.40114,0,0,0,602.67236,0,0,0,0,-23.1015625,3756.00961538462,24593.5151819169,23.1015625,-198.6484375,5985.75367647059,134764.465305788,198.6484375,0,0,0,0,0,0,0,0,0,0,0,0
1.40556,0,0,0,572.20013,0,0,0,0,-6.3203125,3796.6628959276,9197.57478348101,6.3203125,-170.0390625,6472.7092760181,110170.950123872,170.0390625,0,0,0,0,0,0,0,0,0,0,0,0
1.40998,0,0,0,535.36115,0,0,0,0,10.6484375,3839.08371040724,9597.46933928462,-10.6484375,-139.00390625,7021.52856334842,124167.259576995,139.00390625,0,0,0,0,0,0,0,0,0,0,0,0
1.4144,0,0,0,492.56534,0,0,0,0,27.484375,3809.03563348416,-6798.20744865988,-27.484375,-106.42578125,7370.6165158371,78979.1747711963,106.42578125,0,0,0,0,0,0,0,0,0,0,0,0
1.41882,0,0,0,444.28888,0,0,0,0,43.48046875,3619.02573529412,-42988.664748879,-43.48046875,-72.14453125,7755.93891402715,87177.0131651687,72.14453125,0,0,0,0,0,0,0,0,0,0,0,0
1.42324,0,0,0,391.06891,0,0,0,0,58.21484375,3333.56900452489,-64582.9707622694,-58.21484375,-36.421875,8082.04892533937,73780.5455457506,36.421875,0,0,0,0,0,0,0,0,0,0,0,0
1.42766,0,0,0,333.49762,0,0,0,0,71.91015625,3098.48699095023,-53185.975921869,-71.91015625,0.0703125,8256.15101809955,39389.6137466471,-0.0703125,0,0,0,0,0,0,0,0,0,0,0,0
1.43208,0,0,0,272.21561,0,0,0,0,84.18359375,2776.79581447964,-72780.8091562416,-84.18359375,37.078125,8372.80825791855,26393.0406830329,-37.078125,0,0,0,0,0,0,0,0,0,0,0,0
1.4365,0,0,0,207.90469,0,0,0,0,94.54296875,2343.75,-97974.1661718638,-94.54296875,74.1875,8395.78619909502,5198.62922544576,-74.1875,0,0,0,0,0,0,0,0,0,0,0,0
1.44092,0,0,0,141.28049,0,0,0,0,102.87890625,1885.95871040724,-103572.689953113,-102.87890625,110.83984375,8292.38546380091,-23393.8315145061,-110.83984375,0,0,0,0,0,0,0,0,0,0,0,0
1.44534,0,0,0,73.08429,0,0,0,0,109.03125,1391.93297511312,-111770.528347085,-109.03125,147.0078125,8182.79835972851,-24793.4624598187,-147.0078125,0,0,0,0,0,0,0,0,0,0,0,0
1.44976,0,0,0,4.0748973,0,0,0,0,112.99609375,897.023472850679,-111970.475624987,-112.99609375,181.75,7860.22341628959,-72980.7564341436,-181.75,0,0,0,0,0,0,0,0,0,0,0,0
1.45418,0,0,0,-64.979836,0,0,0,0,114.99609375,452.488687782805,-100573.480784587,-114.99609375,214.63671875,7440.43410633484,-94974.9570033373,-214.63671875,0,0,0,0,0,0,0,0,0,0,0,0
1.4586,0,0,0,-133.31155,0,0,0,0,114.99609375,0,-102373.006285703,-114.99609375,245.47265625,6976.4564479638,-104972.320898426,-245.47265625,0,0,0,0,0,0,0,0,0,0,0,0
1.46302,0,0,0,-200.15994,0,0,0,0,114.99609375,0,0,-114.99609375,273.4140625,6321.58512443439,-148160.932925206,-273.4140625,0,0,0,0,0,0,0,0,0,0,0,0
1.46744,0,0,0,-264.78122,0,0,0,0,111.83203125,-715.851244343891,-161957.295100428,-111.83203125,298.0546875,5574.80203619909,-168955.449826989,-298.0546875,0,0,0,0,0,0,0,0,0,0,0,0
1.47186,0,0,0,-326.45633,0,0,0,0,108.65625,-718.502545248869,-599.841833705282,-108.65625,318.8828125,4712.24547511312,-195148.543232121,-318.8828125,0,0,0,0,0,0,0,0,0,0,0,0
1.47628,0,0,0,-384.49902,0,0,0,0,104.66015625,-904.093608597285,-41988.9283593702,-104.66015625,335.8203125,3832.01357466063,-199147.488790156,-335.8203125,0,0,0,0,0,0,0,0,0,0,0,0
1.4807,0,0,0,-438.26352,0,0,0,0,100.9296875,-843.997454751131,13596.4148973199,-100.9296875,348.55859375,2881.96408371041,-214943.323744395,-348.55859375,0,0,0,0,0,0,0,0,0,0,0,0
1.48512,0,0,0,-487.15155,0,0,0,0,97.08984375,-868.742929864253,-5598.52378124937,-97.08984375,356.45703125,1786.97680995475,-247734.677320284,-356.45703125,0,0,0,0,0,0,0,0,0,0,0,0
1.48954,0,0,0,-530.61914,0,0,0,0,93.8046875,-743.248020361991,28392.5134620503,-93.8046875,359.68359375,729.991515837104,-239136.944370508,-359.68359375,0,0,0,0,0,0,0,0,0,0,0,0
1.49396,0,0,0,-568.18274,0,0,0,0,91,-634.544683257918,24593.5151819169,-91,359.99609375,70.7013574660633,-149160.669314715,-359.99609375,0,0,0,0,0,0,0,0,0,0,0,0
1.49838,0,0,0,-599.42426,0,0,0,0,88.91796875,-471.047794117647,36990.2464118261,-88.91796875,353.515625,-1466.16940045249,-347708.316271166,-353.515625,0,0,0,0,0,0,0,0,0,0,0,0
1.5028,0,0,0,-623.99615,0,0,0,0,86.6640625,-509.933540723982,-8797.68022767757,-86.6640625,342.8125,-2421.52149321267,-216143.007411806,-342.8125,0,0,0,0,0,0,0,0,0,0,0,0
1.50722,0,0,0,-641.62494,0,0,0,0,84.51953125,-485.18806561086,5598.52378124937,-84.51953125,327.94921875,-3362.73331447964,-212943.850965377,-327.94921875,0,0,0,0,0,0,0,0,0,0,0,0
1.51164,0,0,0,-652.11462,0,0,0,0,81.640625,-651.336255656109,-37590.0882455314,-81.640625,309.59765625,-4151.93721719457,-178552.919166274,-309.59765625,0,0,0,0,0,0,0,0,0,0,0,0
1.51606,0,0,0,-655.34833,0,0,0,0,78.29296875,-757.388291855204,-23993.6733482115,-78.29296875,287.5078125,-4997.70220588235,-191349.544951987,-287.5078125,0,0,0,0,0,0,0,0,0,0,0,0
1.52048,0,0,0,-651.29016,0,0,0,0,74.375,-886.418269230769,-29192.3025736574,-74.375,262.44921875,-5669.36510180995,-151959.93120534,-262.44921875,0,0,0,0,0,0,0,0,0,0,0,0
1.5249,0,0,0,-639.98523,0,0,0,0,69.70703125,-1056.10152714932,-38389.8773571384,-69.70703125,234.3515625,-6356.93580316742,-155558.982207571,-234.3515625,0,0,0,0,0,0,0,0,0,0,0,0
1.52932,0,0,0,-621.55933,0,0,0,0,63.8828125,-1317.69654977376,-59184.3942589218,-63.8828125,203.87109375,-6896.03365384615,-121967.839520075,-203.87109375,0,0,0,0,0,0,0,0,0,0,0,0
1.53374,0,0,0,-596.21753,0,0,0,0,57.1484375,-1523.61425339366,-46587.7157511107,-57.1484375,171.375,-7352.05740950226,-103172.79539731,-171.375,0,0,0,0,0,0,0,0,0,0,0,0
1.53816,0,0,0,-564.24176,0,0,0,0,48.82421875,-1883.30740950226,-81378.5421060175,-48.82421875,137.2734375,-7715.28563348416,-82178.3312176246,-137.2734375,0,0,0,0,0,0,0,0,0,0,0,0
1.54258,0,0,0,-525.98779,0,0,0,0,39.1640625,-2185.55571266968,-68381.9690424029,-39.1640625,102.12890625,-7951.25141402715,-53385.9231997706,-102.12890625,0,0,0,0,0,0,0,0,0,0,0,0
1.547,0,0,0,-481.88129,0,0,0,0,27.9296875,-2541.71380090498,-80578.7529944104,-27.9296875,66.05078125,-8162.47171945701,-47787.3994185213,-66.05078125,0,0,0,0,0,0,0,0,0,0,0,0
1.55142,0,0,0,-432.41302,0,0,0,0,15.4140625,-2831.58936651584,-65582.7071517782,-15.4140625,29.91796875,-8174.84445701357,-2799.26189062474,-29.91796875,0,0,0,0,0,0,0,0,0,0,0,0
1.55584,0,0,0,-378.13339,0,0,0,0,1.73046875,-3095.83569004525,-59784.2360926271,-1.73046875,-6.28515625,-8190.75226244344,-3599.05100223174,6.28515625,0,0,0,0,0,0,0,0,0,0,0,0
1.56026,0,0,0,-319.64639,0,0,0,0,-13,-3332.68523755656,-53585.8704776725,13,-41.8203125,-8039.62811085973,34190.9845212016,41.8203125,0,0,0,0,0,0,0,0,0,0,0,0
1.56468,0,0,0,-257.60275,0,0,0,0,-28.16796875,-3431.66713800905,-22394.0951249975,28.16796875,-76.62109375,-7873.47992081448,37590.0882455315,76.62109375,0,0,0,0,0,0,0,0,0,0,0,0
1.5691,0,0,0,-192.69283,0,0,0,0,-43.50390625,-3469.66911764706,-8597.73294977575,43.50390625,-110.1796875,-7592.44202488688,63583.2343727605,110.1796875,0,0,0,0,0,0,0,0,0,0,0,0
1.57352,0,0,0,-125.63885,0,0,0,0,-59.125,-3534.18410633484,-14596.1512868287,59.125,-142.3046875,-7268.09954751131,73380.6509899471,142.3046875,0,0,0,0,0,0,0,0,0,0,0,0
1.57794,0,0,0,-57.186939,0,0,0,0,-74.3359375,-3441.38857466063,20994.4641796851,74.3359375,-172.7421875,-6886.31221719457,86377.2240535615,172.7421875,0,0,0,0,0,0,0,0,0,0,0,0
1.58236,0,0,0,11.901285,0,0,0,0,-89.20703125,-3364.50084841629,17395.4131774534,89.20703125,-201.1171875,-6419.68325791855,105572.162732131,201.1171875,0,0,0,0,0,0,0,0,0,0,0,0
1.58678,0,0,0,80.857086,0,0,0,0,-103.03515625,-3128.5350678733,53385.9231997707,103.03515625,-227.375,-5940.68156108597,108371.424622755,227.375,0,0,0,0,0,0,0,0,0,0,0,0
1.5912,0,0,0,148.91321,0,0,0,0,-115.515625,-2823.6354638009,68981.8108761082,115.515625,-251.21875,-5394.51357466063,123567.417743289,251.21875,0,0,0,0,0,0,0,0,0,0,0,0
1.59562,0,0,0,215.31241,0,0,0,0,-126.6875,-2527.57352941176,66982.3380970906,126.6875,-272.44140625,-4801.50593891403,134164.623472083,272.44140625,0,0,0,0,0,0,0,0,0,0,0,0
1.60004,0,0,0,279.31589,0,0,0,0,-135.71875,-2043.26923076923,109571.108290166,135.71875,-290.69140625,-4128.9592760181,152159.878483242,290.69140625,0,0,0,0,0,0,0,0,0,0,0,0
1.60446,0,0,0,340.21149,0,0,0,0,-142.14453125,-1453.79666289593,133364.834360476,142.14453125,-306.25,-3520.04383484163,137763.674474315,306.25,0,0,0,0,0,0,0,0,0,0,0,0
1.60888,0,0,0,397.32162,0,0,0,0,-145.98828125,-869.626696832579,132165.150693065,145.98828125,-318.9140625,-2865.17251131222,148160.932925206,318.9140625,0,0,0,0,0,0,0,0,0,0,0,0
1.6133,0,0,0,450.01089,0,0,0,0,-147,-228.89564479638,144961.776478778,147,-328.38671875,-2143.13489819005,163356.92604574,328.38671875,0,0,0,0,0,0,0,0,0,0,0,0
1.61772,0,0,0,497.69296,0,0,0,0,-145.5,339.366515837104,128566.099690833,145.5,-334.48828125,-1380.44400452489,172554.500829221,334.48828125,0,0,0,0,0,0,0,0,0,0,0,0
1.62214,0,0,0,539.83734,0,0,0,0,-140.62109375,1103.82494343891,172954.395385025,140.62109375,-337.28515625,-632.777149321267,169155.397104891,337.28515625,0,0,0,0,0,0,0,0,0,0,0,0
1.62656,0,0,0,575.9751,0,0,0,0,-134.17578125,1458.21549773756,80178.8584386069,134.17578125,-338,-161.72935520362,106571.89912164,338,0,0,0,0,0,0,0,0,0,0,0,0
1.63098,0,0,0,605.7041,0,0,0,0,-125.890625,1874.469739819,94175.1678917303,125.890625,-334.43359375,806.879242081448,219142.216580332,334.43359375,0,0,0,0,0,0,0,0,0,0,0,0
1.6354,0,0,0,628.6936,0,0,0,0,-116.15625,2202.34728506787,74180.440101554,116.15625,-326.84765625,1716.27545248869,205745.748960914,326.84765625,0,0,0,0,0,0,0,0,0,0,0,0
1.63982,0,0,0,644.68781,0,0,0,0,-105.40234375,2433.0104638009,52186.2395323601,105.40234375,-315.91015625,2474.54751131222,171554.764439712,315.91015625,0,0,0,0,0,0,0,0,0,0,0,0
1.64424,0,0,0,653.50873,0,0,0,0,-92.9296875,2821.86792986425,87976.8022767757,92.9296875,-302.14453125,3114.39479638009,144761.829200876,302.14453125,0,0,0,0,0,0,0,0,0,0,0,0
1.64866,0,0,0,655.05817,0,0,0,0,-79.484375,3041.92590497738,49786.872197539,79.484375,-285.36328125,3796.6628959276,154359.298540161,285.36328125,0,0,0,0,0,0,0,0,0,0,0,0
1.65308,0,0,0,649.31897,0,0,0,0,-64.98046875,3281.42675339367,54185.7123113777,64.98046875,-265.93359375,4395.85690045249,135564.254417395,265.93359375,0,0,0,0,0,0,0,0,0,0,0,0
1.6575,0,0,0,636.35498,0,0,0,0,-49.62109375,3474.97171945701,43788.4538604861,49.62109375,-243.484375,5079.00876696833,154559.245818063,243.484375,0,0,0,0,0,0,0,0,0,0,0,0
1.66192,0,0,0,616.31042,0,0,0,0,-33.63671875,3616.37443438914,31991.564464282,33.63671875,-218.7421875,5597.77997737557,117369.052128335,218.7421875,0,0,0,0,0,0,0,0,0,0,0,0
1.66634,0,0,0,589.40833,0,0,0,0,-17.32421875,3690.61085972851,16795.5713437481,17.32421875,-191.29296875,6210.23048642534,138563.463585922,191.29296875,0,0,0,0,0,0,0,0,0,0,0,0
1.67076,0,0,0,555.948,0,0,0,0,-0.890625,3718.00763574661,6198.36561495463,0.890625,-161.7578125,6682.16204751131,106771.846399541,161.7578125,0,0,0,0,0,0,0,0,0,0,0,0
1.67518,0,0,0,516.30182,0,0,0,0,15.43359375,3693.26216063348,-5598.52378124937,-15.43359375,-129.9296875,7200.93325791855,117369.052128335,129.9296875,0,0,0,0,0,0,0,0,0,0,0,0
1.6796,0,0,0,470.91086,0,0,0,0,31.31640625,3593.39649321267,-22594.0424028991,-31.31640625,-96.36328125,7594.20955882353,88976.5386662845,96.36328125,0,0,0,0,0,0,0,0,0,0,0,0
1.68402,0,0,0,420.28018,0,0,0,0,46.45703125,3425.48076923077,-37989.982801335,-46.45703125,-61.15625,7965.39168552036,83977.8567187404,61.15625,0,0,0,0,0,0,0,0,0,0,0,0
1.68844,0,0,0,364.97314,0,0,0,0,60.390625,3152.3967760181,-61783.7088716447,-60.390625,-25.1015625,8157.16911764706,43388.5593046826,25.1015625,0,0,0,0,0,0,0,0,0,0,0,0
1.69286,0,0,0,305.60516,0,0,0,0,72.99609375,2851.91600678733,-67982.0744865994,-72.99609375,12.0703125,8409.92647058823,57184.921479904,-12.0703125,0,0,0,0,0,0,0,0,0,0,0,0
1.69728,0,0,0,242.83679,0,0,0,0,84.0234375,2494.87415158371,-80778.7002723122,-84.0234375,49.28125,8418.76414027149,1999.47277901773,-49.28125,0,0,0,0,0,0,0,0,0,0,0,0
1.7017,0,0,0,177.36642,0,0,0,0,93.10546875,2054.75820135747,-99573.7443950778,-93.10546875,86.45703125,8410.81023755656,-1799.52550111567,-86.45703125,0,0,0,0,0,0,0,0,0,0,0,0
1.70612,0,0,0,109.92255,0,0,0,0,100.29296875,1626.13122171946,-96974.429782355,-100.29296875,123.203125,8313.59587104072,-21994.2005691942,-123.203125,0,0,0,0,0,0,0,0,0,0,0,0
1.71054,0,0,0,41.2556,0,0,0,0,105.1640625,1102.05740950226,-118568.735795745,-105.1640625,158.78125,8049.34954751131,-59784.2360926271,-158.78125,0,0,0,0,0,0,0,0,0,0,0,0
1.71496,0,0,0,-27.870396,0,0,0,0,107.99609375,640.731052036199,-104372.47906472,-107.99609375,193.05859375,7755.05514705882,-66582.4435412869,-193.05859375,0,0,0,0,0,0,0,0,0,0,0,0
1.71938,0,0,0,-96.686287,0,0,0,0,108.99609375,226.244343891403,-93775.2733359268,-108.99609375,225.11328125,7252.19174208145,-113770.001126103,-225.11328125,0,0,0,0,0,0,0,0,0,0,0,0
1.7238,0,0,0,-164.42638,0,0,0,0,108.99609375,0,-51186.5031428513,-108.99609375,254.6328125,6678.62697963801,-129765.783358244,-254.6328125,0,0,0,0,0,0,0,0,0,0,0,0
1.72822,0,0,0,-230.33693,0,0,0,0,107.5,-338.482748868778,-76579.8074363752,-107.5,281.21484375,6014.03421945701,-150360.352982126,-281.21484375,0,0,0,0,0,0,0,0,0,0,0,0
1.73264,0,0,0,-293.68457,0,0,0,0,104.578125,-661.057692307692,-72980.7564341434,-104.578125,304.265625,5215.1088800905,-180752.339223194,-304.265625,0,0,0,0,0,0,0,0,0,0,0,0
1.73706,0,0,0,-353.76447,0,0,0,0,101.49609375,-697.29213800905,-8197.83839397228,-101.49609375,323.390625,4326.92307692308,-200947.014291272,-323.390625,0,0,0,0,0,0,0,0,0,0,0,0
1.74148,0,0,0,-409.90811,0,0,0,0,97.8359375,-828.089649321267,-29592.1971294609,-97.8359375,338.26171875,3364.50084841629,-217742.58563502,-338.26171875,0,0,0,0,0,0,0,0,0,0,0,0
1.7459,0,0,0,-461.49081,0,0,0,0,94.1015625,-844.881221719457,-3798.99828013347,-94.1015625,348.8046875,2385.28704751131,-221541.583915153,-348.8046875,0,0,0,0,0,0,0,0,0,0,0,0
1.75032,0,0,0,-507.93863,0,0,0,0,90.72265625,-764.45842760181,18195.2022890604,-90.72265625,354.328125,1249.64649321267,-256932.252103765,-354.328125,0,0,0,0,0,0,0,0,0,0,0,0
1.75474,0,0,0,-548.73474,0,0,0,0,87.81640625,-657.522624434389,24193.6206261133,-87.81640625,355.99609375,377.368495475113,-197347.96328904,-355.99609375,0,0,0,0,0,0,0,0,0,0,0,0
1.75916,0,0,0,-583.42523,0,0,0,0,85.5703125,-508.16600678733,33791.0899653979,-85.5703125,353.390625,-589.472567873303,-218742.322024529,-353.390625,0,0,0,0,0,0,0,0,0,0,0,0
1.76358,0,0,0,-611.62402,0,0,0,0,83.51171875,-465.745192307692,9597.46933928462,-83.51171875,344.8125,-1940.75226244344,-305719.387911795,-344.8125,0,0,0,0,0,0,0,0,0,0,0,0
1.768,0,0,0,-633.01752,0,0,0,0,81.625,-426.859445701357,8797.68022767756,-81.625,332.25390625,-2841.31080316742,-203746.276181896,-332.25390625,0,0,0,0,0,0,0,0,0,0,0,0
1.77242,0,0,0,-647.36749,0,0,0,0,79.40625,-501.97963800905,-16995.5186216498,-79.40625,315.71484375,-3741.8693438914,-203746.276181896,-315.71484375,0,0,0,0,0,0,0,0,0,0,0,0
1.77684,0,0,0,-654.51447,0,0,0,0,76.9140625,-563.843325791855,-13996.3094531234,-76.9140625,295.54296875,-4563.77262443439,-185950.968448639,-295.54296875,0,0,0,0,0,0,0,0,0,0,0,0
1.78126,0,0,0,-654.37878,0,0,0,0,73.671875,-733.526583710407,-38389.8773571385,-73.671875,272.00390625,-5325.57975113122,-172354.55355132,-272.00390625,0,0,0,0,0,0,0,0,0,0,0,0
1.78568,0,0,0,-646.96198,0,0,0,0,69.83984375,-866.975395927602,-30192.0389631662,-69.83984375,245.7890625,-5930.96012443439,-136963.885362708,-245.7890625,0,0,0,0,0,0,0,0,0,0,0,0
1.7901,0,0,0,-632.34656,0,0,0,0,65.140625,-1063.17166289593,-44388.2956941913,-65.140625,216.3828125,-6652.99773755656,-163356.92604574,-216.3828125,0,0,0,0,0,0,0,0,0,0,0,0
1.79452,0,0,0,-610.69519,0,0,0,0,59.18359375,-1347.74462669683,-64383.0234843676,-59.18359375,185.21875,-7050.69287330317,-89976.2750557934,-185.21875,0,0,0,0,0,0,0,0,0,0,0,0
1.79894,0,0,0,-582.24884,0,0,0,0,52.48828125,-1514.77658371041,-37790.0355234332,-52.48828125,151.9296875,-7531.4621040724,-108771.319178559,-151.9296875,0,0,0,0,0,0,0,0,0,0,0,0
1.80336,0,0,0,-547.32385,0,0,0,0,43.79296875,-1967.26527149321,-102373.006285703,-43.79296875,117.51953125,-7785.1032239819,-57384.8687578058,-117.51953125,0,0,0,0,0,0,0,0,0,0,0,0
1.80778,0,0,0,-506.30899,0,0,0,0,33.8671875,-2245.65186651584,-62983.3925390553,-33.8671875,81.9765625,-8041.39564479638,-57984.7105915112,-81.9765625,0,0,0,0,0,0,0,0,0,0,0,0
1.8122,0,0,0,-459.66055,0,0,0,0,22.33984375,-2607.99632352941,-81978.3839397228,-22.33984375,46.125,-8111.21323529412,-15795.8349542393,-46.125,0,0,0,0,0,0,0,0,0,0,0,0
1.81662,0,0,0,-407.89758,0,0,0,0,9.6953125,-2860.75367647059,-57184.9214799041,-9.6953125,10.11328125,-8147.44768099547,-8197.83839397235,-10.11328125,0,0,0,0,0,0,0,0,0,0,0,0
1.82104,0,0,0,-351.59601,0,0,0,0,-4.1875,-3140.90780542986,-63383.2870948588,4.1875,-25.34765625,-8022.83653846154,28192.5661841486,25.34765625,0,0,0,0,0,0,0,0,0,0,0,0
1.82546,0,0,0,-291.38235,0,0,0,0,-18.609375,-3262.86764705882,-27592.7243504433,18.609375,-60.12890625,-7869.06108597285,34790.8263549067,60.12890625,0,0,0,0,0,0,0,0,0,0,0,0
1.82988,0,0,0,-227.92653,0,0,0,0,-33.96875,-3474.97171945701,-47987.3466964231,33.96875,-93.84765625,-7628.67647058824,54385.6595892795,93.84765625,0,0,0,0,0,0,0,0,0,0,0,0
1.8343,0,0,0,-161.93463,0,0,0,0,-49.37890625,-3486.46069004525,-2599.31461272288,49.37890625,-126.1875,-7316.70673076923,70581.3890993223,126.1875,0,0,0,0,0,0,0,0,0,0,0,0
1.83872,0,0,0,-94.14093,0,0,0,0,-64.6796875,-3461.71521493213,5598.52378124937,64.6796875,-157.01171875,-6973.80514705882,77579.5438258839,157.01171875,0,0,0,0,0,0,0,0,0,0,0,0
1.84314,0,0,0,-25.299746,0,0,0,0,-79.71484375,-3401.61906108597,13596.4148973199,79.71484375,-185.87109375,-6529.27036199095,100573.480784587,185.87109375,0,0,0,0,0,0,0,0,0,0,0,0
1.84756,0,0,0,43.822941,0,0,0,0,-94.01953125,-3236.35463800905,37390.1409676296,94.01953125,-212.80078125,-6092.68947963801,98773.9552834709,212.80078125,0,0,0,0,0,0,0,0,0,0,0,0
1.85198,0,0,0,112.45802,0,0,0,0,-107.25390625,-2994.20248868778,54785.5541450831,107.25390625,-237.27734375,-5537.68382352941,125566.890522307,237.27734375,0,0,0,0,0,0,0,0,0,0,0,0
1.8564,0,0,0,179.84181,0,0,0,0,-119.4296875,-2754.70164027149,54185.7123113777,119.4296875,-259.2734375,-4976.49179864253,126966.52146762,259.2734375,0,0,0,0,0,0,0,0,0,0,0,0
1.86082,0,0,0,245.22455,0,0,0,0,-129.546875,-2288.9564479638,105372.215454229,129.546875,-278.484375,-4346.36595022624,142562.409143957,278.484375,0,0,0,0,0,0,0,0,0,0,0,0
1.86524,0,0,0,307.87872,0,0,0,0,-137.34765625,-1764.88263574661,118568.735795745,137.34765625,-295.03515625,-3744.52064479638,136164.096251101,295.03515625,0,0,0,0,0,0,0,0,0,0,0,0
1.86966,0,0,0,367.10721,0,0,0,0,-142.4296875,-1149.78082579186,139163.305419627,142.4296875,-308.5390625,-3055.18240950226,155958.876763375,308.5390625,0,0,0,0,0,0,0,0,0,0,0,0
1.87408,0,0,0,422.25101,0,0,0,0,-145,-581.518665158371,128566.099690833,145,-319.25,-2423.28902714932,142962.30369976,319.25,0,0,0,0,0,0,0,0,0,0,0,0
1.8785,0,0,0,472.6965,0,0,0,0,-145,0,131565.30885936,145,-326.6796875,-1680.92477375566,167955.713437481,326.6796875,0,0,0,0,0,0,0,0,0,0,0,0
1.88292,0,0,0,517.88245,0,0,0,0,-141.9453125,691.105769230769,156358.771319179,141.9453125,-330.98046875,-973.027432126697,160157.769599312,330.98046875,0,0,0,0,0,0,0,0,0,0,0,0
1.88734,0,0,0,557.30597,0,0,0,0,-136.19140625,1301.78874434389,138163.569030118,136.19140625,-332,-230.663178733032,167955.713437481,332,0,0,0,0,0,0,0,0,0,0,0,0
1.89176,0,0,0,590.52856,0,0,0,0,-128.65234375,1705.67024886878,91375.9060011056,128.65234375,-332,0,52186.2395323601,332,0,0,0,0,0,0,0,0,0,0,0,0
1.89618,0,0,0,617.18048,0,0,0,0,-119.76171875,2011.4536199095,69181.7581540099,119.76171875,-325.30078125,1515.66035067873,342909.581601523,325.30078125,0,0,0,0,0,0,0,0,0,0,0,0
1.9006,0,0,0,636.96515,0,0,0,0,-109.5,2321.65582579186,70181.4945435188,109.5,-315.97265625,2110.43552036199,134564.518027886,315.97265625,0,0,0,0,0,0,0,0,0,0,0,0
1.90502,0,0,0,649.66248,0,0,0,0,-97.65234375,2680.46521493213,81178.5948281157,97.65234375,-303.80078125,2753.81787330317,145561.618312483,303.80078125,0,0,0,0,0,0,0,0,0,0,0,0
1.90944,0,0,0,655.13123,0,0,0,0,-84.375,3003.92392533937,73180.7037120452,84.375,-288.80078125,3393.66515837104,144761.829200876,288.80078125,0,0,0,0,0,0,0,0,0,0,0,0
1.91386,0,0,0,653.31042,0,0,0,0,-70.4609375,3147.97794117647,32591.4062979873,70.4609375,-270.90625,4048.53648190045,148160.932925206,270.90625,0,0,0,0,0,0,0,0,0,0,0,0
1.91828,0,0,0,644.22046,0,0,0,0,-55.265625,3437.85350678733,65582.7071517782,55.265625,-250.3828125,4643.31165158371,134564.518027886,250.3828125,0,0,0,0,0,0,0,0,0,0,0,0
1.9227,0,0,0,627.96234,0,0,0,0,-39.41796875,3585.44259049774,33391.1954095945,39.41796875,-227.00390625,5289.34530542986,146161.460146189,227.00390625,0,0,0,0,0,0,0,0,0,0,0,0
1.92712,0,0,0,604.7171,0,0,0,0,-23.12109375,3687.0757918552,22993.9369587027,23.12109375,-201.53125,5763.04440045249,107171.740955345,201.53125,0,0,0,0,0,0,0,0,0,0,0,0
1.93154,0,0,0,574.74329,0,0,0,0,-6.63671875,3729.49660633484,9597.46933928462,6.63671875,-173.32421875,6381.68127828054,139963.094531234,173.32421875,0,0,0,0,0,0,0,0,0,0,0,0
1.93596,0,0,0,538.37445,0,0,0,0,9.88671875,3738.3342760181,1999.47277901762,-9.88671875,-142.99609375,6861.56674208145,108571.371900657,142.99609375,0,0,0,0,0,0,0,0,0,0,0,0
1.94038,0,0,0,496.01529,0,0,0,0,26.21875,3695.02969457014,-9797.41661718637,-26.21875,-110.73828125,7298.14762443439,98773.9552834709,110.73828125,0,0,0,0,0,0,0,0,0,0,0,0
1.9448,0,0,0,448.13708,0,0,0,0,41.7421875,3512.0899321267,-41389.086525665,-41.7421875,-76.7421875,7691.42392533937,88976.5386662845,76.7421875,0,0,0,0,0,0,0,0,0,0,0,0
1.94922,0,0,0,395.27255,0,0,0,0,56.39453125,3315.00989819005,-44588.2429720931,-56.39453125,-41.64453125,7940.64621040724,56385.132368297,41.64453125,0,0,0,0,0,0,0,0,0,0,0,0
1.95364,0,0,0,338.00992,0,0,0,0,69.57421875,2981.82975113122,-75380.1237689646,-69.57421875,-5.30859375,8220.80033936651,63383.2870948588,5.30859375,0,0,0,0,0,0,0,0,0,0,0,0
1.95806,0,0,0,276.98636,0,0,0,0,81.421875,2680.46521493213,-68182.0217645012,-81.421875,31.42578125,8310.94457013575,20394.6223459797,-31.42578125,0,0,0,0,0,0,0,0,0,0,0,0
1.96248,0,0,0,212.88081,0,0,0,0,91.7578125,2338.44739819005,-77379.5965479822,-91.7578125,68.66796875,8425.8342760181,25993.1461272292,-68.66796875,0,0,0,0,0,0,0,0,0,0,0,0
1.9669,0,0,0,146.4066,0,0,0,0,99.73046875,1803.76838235294,-120968.103130567,-99.73046875,105.24609375,8275.59389140271,-33991.0372432997,-105.24609375,0,0,0,0,0,0,0,0,0,0,0,0
1.97132,0,0,0,78.30336,0,0,0,0,105.27734375,1254.94909502262,-124167.259576995,-105.27734375,141.2109375,8136.84247737557,-31391.7226305766,-141.2109375,0,0,0,0,0,0,0,0,0,0,0,0
1.97574,0,0,0,9.3288555,0,0,0,0,108.99609375,841.346153846154,-93575.326058025,-108.99609375,175.828125,7831.94287330317,-68981.8108761081,-175.828125,0,0,0,0,0,0,0,0,0,0,0,0
1.98016,0,0,0,-59.749447,0,0,0,0,110.27734375,289.87556561086,-124767.1014107,-110.27734375,208.96875,7497.87895927602,-75580.0710468664,-208.96875,0,0,0,0,0,0,0,0,0,0,0,0
1.98458,0,0,0,-128.16293,0,0,0,0,110.99609375,162.613122171946,-28792.4080178539,-110.99609375,239.49609375,6906.63885746606,-133764.728916279,-239.49609375,0,0,0,0,0,0,0,0,0,0,0,0
1.989,0,0,0,-195.15038,0,0,0,0,109.5,-338.482748868778,-113370.1065703,-109.5,267.58203125,6354.28450226244,-124967.048688602,-267.58203125,0,0,0,0,0,0,0,0,0,0,0,0
1.99342,0,0,0,-259.96643,0,0,0,0,107,-565.610859728507,-51386.4504207531,-107,292.39453125,5613.68778280543,-167555.818881677,-292.39453125,0,0,0,0,0,0,0,0,0,0,0,0
1.99784,0,0,0,-321.88992,0,0,0,0,103.9140625,-698.175904977375,-29992.0916852644,-103.9140625,313.3046875,4730.80458144796,-199747.330623861,-313.3046875,0,0,0,0,0,0,0,0,0,0,0,0
2.00226,0,0,0,-380.23181,0,0,0,0,100.57421875,-755.620757918552,-12996.5730636146,-100.57421875,330.328125,3851.4564479638,-198947.541512254,-330.328125,0,0,0,0,0,0,0,0,0,0,0,0
2.00668,0,0,0,-434.34293,0,0,0,0,96.703125,-875.81306561086,-27192.8297946398,-96.703125,342.86328125,2836.00820135747,-229739.422309125,-342.86328125,0,0,0,0,0,0,0,0,0,0,0,0
2.0111,0,0,0,-483.62125,0,0,0,0,93.35546875,-757.388291855204,26792.9352388362,-93.35546875,350.93359375,1825.86255656109,-228539.738641715,-350.93359375,0,0,0,0,0,0,0,0,0,0,0,0
2.01552,0,0,0,-527.51843,0,0,0,0,90.03125,-752.085690045249,1199.68366741056,-90.03125,354.43359375,791.855203619909,-233938.315145063,-354.43359375,0,0,0,0,0,0,0,0,0,0,0,0
2.01994,0,0,0,-565.54608,0,0,0,0,87.6796875,-532.027714932127,49786.872197539,-87.6796875,354.99609375,127.262443438914,-150360.352982126,-354.99609375,0,0,0,0,0,0,0,0,0,0,0,0
2.02436,0,0,0,-597.28101,0,0,0,0,85.91015625,-400.346436651584,29792.1444073627,-85.91015625,348.7578125,-1411.37584841629,-348108.210826969,-348.7578125,0,0,0,0,0,0,0,0,0,0,0,0
2.02878,0,0,0,-622.37012,0,0,0,0,83.96875,-439.232183257919,-8797.68022767756,-83.96875,338.3359375,-2357.89027149321,-214143.534632788,-338.3359375,0,0,0,0,0,0,0,0,0,0,0,0
2.0332,0,0,0,-640.5343,0,0,0,0,82.0703125,-429.510746606335,2199.42005691939,-82.0703125,323.8984375,-3266.40271493213,-205545.801683012,-323.8984375,0,0,0,0,0,0,0,0,0,0,0,0
2.03762,0,0,0,-651.57141,0,0,0,0,79.73046875,-529.376414027149,-22594.0424028992,-79.73046875,305.7265625,-4111.28393665158,-191149.597674085,-305.7265625,0,0,0,0,0,0,0,0,0,0,0,0
2.04204,0,0,0,-655.35864,0,0,0,0,77.1328125,-587.705033936651,-13196.5203415163,-77.1328125,284.10546875,-4891.65016968326,-176553.446387256,-284.10546875,0,0,0,0,0,0,0,0,0,0,0,0
2.04646,0,0,0,-651.85382,0,0,0,0,73.515625,-818.368212669683,-52186.2395323601,-73.515625,259.38671875,-5592.47737556561,-158558.191376098,-259.38671875,0,0,0,0,0,0,0,0,0,0,0,0
2.05088,0,0,0,-641.09607,0,0,0,0,69.32421875,-948.281957013575,-29392.2498515591,-69.32421875,231.71875,-6259.72143665158,-150960.194815831,-231.71875,0,0,0,0,0,0,0,0,0,0,0,0
2.0553,0,0,0,-623.20496,0,0,0,0,63.96875,-1211.64451357466,-59584.2888147253,-63.96875,201.75390625,-6779.37641402715,-117568.999406236,-201.75390625,0,0,0,0,0,0,0,0,0,0,0,0
2.05972,0,0,0,-598.37958,0,0,0,0,57.6875,-1421.09728506787,-47387.5048627178,-57.6875,169.72265625,-7246.88914027149,-105772.110010033,-169.72265625,0,0,0,0,0,0,0,0,0,0,0,0
2.06414,0,0,0,-566.89624,0,0,0,0,49.98046875,-1743.67222850679,-72980.7564341434,-49.98046875,136,-7629.56023755656,-86577.1713314633,-136,0,0,0,0,0,0,0,0,0,0,0,0
2.06856,0,0,0,-529.1051,0,0,0,0,40.7265625,-2093.6439479638,-79179.1220490981,-40.7265625,101.5625,-7791.28959276018,-36590.3518560226,-101.5625,0,0,0,0,0,0,0,0,0,0,0,0
2.07298,0,0,0,-485.42682,0,0,0,0,30,-2426.82409502262,-75380.1237689646,-30,66.046875,-8035.2092760181,-55185.4487008865,-66.046875,0,0,0,0,0,0,0,0,0,0,0,0
2.0774,0,0,0,-436.34729,0,0,0,0,17.91796875,-2733.49123303167,-69381.7054319117,-17.91796875,30.51171875,-8039.62811085973,-999.736389508864,-30.51171875,0,0,0,0,0,0,0,0,0,0,0,0
2.08182,0,0,0,-382.41263,0,0,0,0,4.671875,-2996.85378959276,-59584.2888147253,-4.671875,-5,-8034.32550904977,1199.68366741051,5,0,0,0,0,0,0,0,0,0,0,0,0
2.08624,0,0,0,-324.22296,0,0,0,0,-9.9140625,-3299.98585972851,-68581.9163203047,9.9140625,-40,-7918.55203619909,26193.0934051309,40,0,0,0,0,0,0,0,0,0,0,0,0
2.09066,0,0,0,-262.42575,0,0,0,0,-24.890625,-3388.36255656109,-19994.7277901762,24.890625,-73.796875,-7646.35180995475,61583.761593743,73.796875,0,0,0,0,0,0,0,0,0,0,0,0
2.09508,0,0,0,-197.70857,0,0,0,0,-40.3984375,-3508.55486425339,-27192.8297946398,40.3984375,-106.62109375,-7426.29383484163,49786.8721975391,106.62109375,0,0,0,0,0,0,0,0,0,0,0,0
2.0995,0,0,0,-130.79155,0,0,0,0,-56,-3529.76527149321,-4798.73466964226,56,-138.06640625,-7114.32409502262,70581.3890993223,138.06640625,0,0,0,0,0,0,0,0,0,0,0,0
2.10392,0,0,0,-62.419247,0,0,0,0,-71.20703125,-3440.50480769231,20194.675068078,71.20703125,-168.00390625,-6773.19004524887,77179.6492700804,168.00390625,0,0,0,0,0,0,0,0,0,0,0,0
2.10834,0,0,0,6.6475787,0,0,0,0,-86,-3346.82550904977,21194.4114575869,86,-195.734375,-6273.8617081448,112970.212014496,195.734375,0,0,0,0,0,0,0,0,0,0,0,0
2.11276,0,0,0,75.640442,0,0,0,0,-99.671875,-3093.18438914027,57384.868757806,99.671875,-221.359375,-5797.51131221719,107771.58278905,221.359375,0,0,0,0,0,0,0,0,0,0,0,0
2.11718,0,0,0,143.79167,0,0,0,0,-112.58203125,-2920.84983031674,38989.7191908438,112.58203125,-244.625,-5263.71606334842,120768.155852665,244.625,0,0,0,0,0,0,0,0,0,0,0,0
2.1216,0,0,0,210.34296,0,0,0,0,-123.51953125,-2474.54751131222,100973.37534039,123.51953125,-265.25390625,-4667.17335972851,134964.41258369,265.25390625,0,0,0,0,0,0,0,0,0,0,0,0
2.12602,0,0,0,274.55383,0,0,0,0,-132.8203125,-2104.24915158371,83777.9094408387,132.8203125,-283.2578125,-4073.28195701357,134364.570749985,283.2578125,0,0,0,0,0,0,0,0,0,0,0,0
2.13044,0,0,0,335.70981,0,0,0,0,-139.06640625,-1413.14338235294,156358.771319179,139.06640625,-298.3359375,-3411.34049773756,149760.51114842,298.3359375,0,0,0,0,0,0,0,0,0,0,0,0
2.13486,0,0,0,393.1304,0,0,0,0,-143,-889.953337104072,118368.788517844,143,-310.734375,-2805.07635746606,137163.832640609,310.734375,0,0,0,0,0,0,0,0,0,0,0,0
2.13928,0,0,0,446.17676,0,0,0,0,-144,-226.244343891403,150160.405704224,144,-320.1171875,-2122.80825791855,154359.298540161,320.1171875,0,0,0,0,0,0,0,0,0,0,0,0
2.1437,0,0,0,494.25861,0,0,0,0,-142.5,339.366515837104,127966.257857128,142.5,-326.25,-1387.51414027149,166356.135214267,326.25,0,0,0,0,0,0,0,0,0,0,0,0
2.14812,0,0,0,536.84094,0,0,0,0,-138.1875,975.678733031674,143962.040089269,138.1875,-329.13671875,-653.10378959276,166156.187936365,329.13671875,0,0,0,0,0,0,0,0,0,0,0,0
2.15254,0,0,0,573.45001,0,0,0,0,-131.3125,1555.42986425339,131165.414303556,131.3125,-330,-195.3125,103572.689953113,330,0,0,0,0,0,0,0,0,0,0,0,0
2.15696,0,0,0,603.67847,0,0,0,0,-123.09765625,1858.56193438914,68581.9163203046,123.09765625,-326.69921875,746.783088235294,213143.798243279,326.69921875,0,0,0,0,0,0,0,0,0,0,0,0
2.16138,0,0,0,627.18988,0,0,0,0,-113.51953125,2166.99660633484,69781.5999877153,113.51953125,-319.39453125,1652.64423076923,204945.959849307,319.39453125,0,0,0,0,0,0,0,0,0,0,0,0
2.1658,0,0,0,643.72272,0,0,0,0,-102.49609375,2493.99038461538,73980.4928236522,102.49609375,-309,2351.70390271493,158158.296820294,309,0,0,0,0,0,0,0,0,0,0,0,0
2.17022,0,0,0,653.09308,0,0,0,0,-89.984375,2830.70559954751,76179.9128805717,89.984375,-295.65234375,3019.83173076923,151160.142093733,295.65234375,0,0,0,0,0,0,0,0,0,0,0,0
2.17464,0,0,0,655.19659,0,0,0,0,-76.00390625,3163.00197963801,75180.1764910628,76.00390625,-279.49609375,3655.26018099547,143762.092811368,279.49609375,0,0,0,0,0,0,0,0,0,0,0,0
2.17906,0,0,0,650.00989,0,0,0,0,-61.55859375,3268.17024886878,23793.7260703097,61.55859375,-260.6875,4255.33795248869,135764.201695297,260.6875,0,0,0,0,0,0,0,0,0,0,0,0
2.18348,0,0,0,637.5907,0,0,0,0,-46.08203125,3501.48472850679,52786.0813660654,46.08203125,-239.046875,4896.06900452489,144961.776478778,239.046875,0,0,0,0,0,0,0,0,0,0,0,0
2.1879,0,0,0,618.07715,0,0,0,0,-29.84375,3673.81928733032,38989.7191908437,29.84375,-214.9140625,5459.91233031674,127566.363301325,214.9140625,0,0,0,0,0,0,0,0,0,0,0,0
2.19232,0,0,0,591.68646,0,0,0,0,-13.30859375,3740.98557692308,15195.993120534,13.30859375,-188.14453125,6056.45503393665,134964.41258369,188.14453125,0,0,0,0,0,0,0,0,0,0,0,0
2.19674,0,0,0,558.71222,0,0,0,0,3.54296875,3812.57070135747,16195.7295100427,-3.54296875,-159.00390625,6592.90158371041,121367.99768637,159.00390625,0,0,0,0,0,0,0,0,0,0,0,0
2.20116,0,0,0,519.52136,0,0,0,0,19.99609375,3722.42647058824,-20394.6223459797,-19.99609375,-127.89453125,7038.32013574661,100773.428062488,127.89453125,0,0,0,0,0,0,0,0,0,0,0,0
2.20558,0,0,0,474.54987,0,0,0,0,35.73828125,3561.58088235294,-36390.4045781208,-35.73828125,-94.91015625,7462.52828054299,95974.6933928462,94.91015625,0,0,0,0,0,0,0,0,0,0,0,0
2.21,0,0,0,424.29819,0,0,0,0,50.24609375,3282.31052036199,-63183.3398169571,-50.24609375,-60.31640625,7826.64027149321,82378.2784955262,60.31640625,0,0,0,0,0,0,0,0,0,0,0,0
2.21442,0,0,0,369.32544,0,0,0,0,63.72265625,3048.99604072398,-52786.0813660653,-63.72265625,-24.73046875,8051.11708144796,50786.6085870477,24.73046875,0,0,0,0,0,0,0,0,0,0,0,0
2.21884,0,0,0,310.24329,0,0,0,0,75.99609375,2776.79581447964,-61583.761593743,-75.99609375,12.0234375,8315.36340497738,59784.2360926273,-12.0234375,0,0,0,0,0,0,0,0,0,0,0,0
2.22326,0,0,0,247.70917,0,0,0,0,86.4296875,2360.54157239819,-94175.1678917303,-86.4296875,48.99609375,8364.85435520362,11197.0475624985,-48.99609375,0,0,0,0,0,0,0,0,0,0,0,0
2.22768,0,0,0,182.41884,0,0,0,0,95,1938.98472850679,-95374.8515591409,-95,85.89453125,8348.06278280543,-3798.99828013339,-85.89453125,0,0,0,0,0,0,0,0,0,0,0,0
2.2321,0,0,0,115.09878,0,0,0,0,101.43359375,1455.56419683258,-109371.161012264,-101.43359375,122.33203125,8243.77828054299,-23593.7787924082,-122.33203125,0,0,0,0,0,0,0,0,0,0,0,0
2.23652,0,0,0,46.498043,0,0,0,0,105.8046875,988.935237556561,-105572.162732131,-105.8046875,157.7421875,8011.3475678733,-52586.1340881634,-157.7421875,0,0,0,0,0,0,0,0,0,0,0,0
2.24094,0,0,0,-22.620062,0,0,0,0,107.99609375,495.793269230769,-111570.581069184,-107.99609375,191.6015625,7660.49208144796,-79379.069327,-191.6015625,0,0,0,0,0,0,0,0,0,0,0,0
2.24536,0,0,0,-91.486481,0,0,0,0,107.99609375,0,-112170.422902889,-107.99609375,223.4296875,7200.93325791855,-103972.584508917,-223.4296875,0,0,0,0,0,0,0,0,0,0,0,0
2.24978,0,0,0,-159.33496,0,0,0,0,107.99609375,0,0,-107.99609375,252.99609375,6689.23218325792,-115769.473905121,-252.99609375,0,0,0,0,0,0,0,0,0,0,0,0
2.2542,0,0,0,-225.41054,0,0,0,0,105.5703125,-548.819287330317,-124167.259576995,-105.5703125,279.2265625,5934.49519230769,-170754.975328106,-279.2265625,0,0,0,0,0,0,0,0,0,0,0,0
2.25862,0,0,0,-288.97806,0,0,0,0,102.61328125,-669.011595022624,-27192.8297946398,-102.61328125,302.12109375,5179.75820135747,-170754.975328105,-302.12109375,0,0,0,0,0,0,0,0,0,0,0,0
2.26304,0,0,0,-349.33017,0,0,0,0,99.3359375,-741.480486425339,-16395.6767879446,-99.3359375,321.1875,4313.66657239819,-195948.332343728,-321.1875,0,0,0,0,0,0,0,0,0,0,0,0
2.26746,0,0,0,-405.79538,0,0,0,0,95.98046875,-759.155825791855,-3998.94555803525,-95.98046875,335.85546875,3318.54496606335,-225140.634917385,-335.85546875,0,0,0,0,0,0,0,0,0,0,0,0
2.27188,0,0,0,-457.74539,0,0,0,0,92.74609375,-731.759049773756,6198.36561495465,-92.74609375,346.13671875,2326.07466063348,-224540.79308368,-346.13671875,0,0,0,0,0,0,0,0,0,0,0,0
2.2763,0,0,0,-504.6022,0,0,0,0,89.53515625,-726.456447963801,1199.68366741056,-89.53515625,351.64453125,1246.11142533937,-244335.573595954,-351.64453125,0,0,0,0,0,0,0,0,0,0,0,0
2.28072,0,0,0,-545.84442,0,0,0,0,86.93359375,-588.588800904977,31191.775352675,-86.93359375,352.99609375,305.783371040724,-212743.903687476,-352.99609375,0,0,0,0,0,0,0,0,0,0,0,0
2.28514,0,0,0,-581.01318,0,0,0,0,85.0859375,-418.0217760181,38589.8246350402,-85.0859375,350.48828125,-567.378393665158,-197547.910566942,-350.48828125,0,0,0,0,0,0,0,0,0,0,0,0
2.28956,0,0,0,-609.7171,0,0,0,0,83.51953125,-354.390554298642,14396.2040089269,-83.51953125,342.09765625,-1898.3314479638,-301120.600520055,-342.09765625,0,0,0,0,0,0,0,0,0,0,0,0
2.29398,0,0,0,-631.6369,0,0,0,0,82.01953125,-339.366515837104,3399.10372432997,-82.01953125,329.4375,-2864.28874434389,-218542.374746627,-329.4375,0,0,0,0,0,0,0,0,0,0,0,0
2.2984,0,0,0,-646.52863,0,0,0,0,80.28125,-393.276300904977,-12196.7839520075,-80.28125,312.890625,-3743.63687782805,-198947.541512254,-312.890625,0,0,0,0,0,0,0,0,0,0,0,0
2.30282,0,0,0,-654.22662,0,0,0,0,78.09375,-494.909502262443,-22993.9369587027,-78.09375,293.171875,-4461.2556561086,-162357.189656231,-293.171875,0,0,0,0,0,0,0,0,0,0,0,0
2.30724,0,0,0,-654.64514,0,0,0,0,75.140625,-668.127828054299,-39189.6664687455,-75.140625,269.87109375,-5271.66996606335,-183351.653835916,-269.87109375,0,0,0,0,0,0,0,0,0,0,0,0
2.31166,0,0,0,-647.7796,0,0,0,0,71.625,-795.390271493213,-28792.4080178539,-71.625,243.49609375,-5967.19457013575,-157358.507708687,-243.49609375,0,0,0,0,0,0,0,0,0,0,0,0
2.31608,0,0,0,-633.70642,0,0,0,0,67.02734375,-1040.19372171946,-55385.3959787883,-67.02734375,214.6640625,-6523.08399321267,-125766.837800209,-214.6640625,0,0,0,0,0,0,0,0,0,0,0,0
2.3205,0,0,0,-612.58209,0,0,0,0,61.7578125,-1192.20164027149,-34390.9317991032,-61.7578125,183.625,-7022.41233031674,-112970.212014496,-183.625,0,0,0,0,0,0,0,0,0,0,0,0
2.32492,0,0,0,-584.64172,0,0,0,0,54.91796875,-1547.47596153846,-80378.8057165087,-54.91796875,150.96484375,-7389.17562217195,-82978.1203292316,-150.96484375,0,0,0,0,0,0,0,0,0,0,0,0
2.32934,0,0,0,-550.19623,0,0,0,0,46.7578125,-1846.18919683258,-67582.1799307958,-46.7578125,116.95703125,-7694.07522624434,-68981.8108761081,-116.95703125,0,0,0,0,0,0,0,0,0,0,0,0
2.33376,0,0,0,-509.62878,0,0,0,0,37.203125,-2161.69400452489,-71381.1782109293,-37.203125,82.13671875,-7877.89875565611,-41589.0338035667,-82.13671875,0,0,0,0,0,0,0,0,0,0,0,0
2.33818,0,0,0,-463.39087,0,0,0,0,25.75,-2591.20475113122,-97174.3770602568,-25.75,46.890625,-7974.22935520362,-21794.2532912921,-46.890625,0,0,0,0,0,0,0,0,0,0,0,0
2.3426,0,0,0,-411.99689,0,0,0,0,13.12890625,-2855.45107466063,-59784.2360926271,-13.12890625,11.6015625,-7983.9507918552,-2199.42005691938,-11.6015625,0,0,0,0,0,0,0,0,0,0,0,0
2.34702,0,0,0,-356.01877,0,0,0,0,-0.94140625,-3183.3286199095,-74180.4401015539,0.94140625,-23.40625,-7920.31957013575,14396.2040089268,23.40625,0,0,0,0,0,0,0,0,0,0,0,0
2.35144,0,0,0,-296.07928,0,0,0,0,-15.83984375,-3370.68721719457,-42388.8229151737,15.83984375,-57.32421875,-7673.74858597285,55785.2905345918,57.32421875,0,0,0,0,0,0,0,0,0,0,0,0
2.35586,0,0,0,-232.84538,0,0,0,0,-31.23046875,-3482.04185520362,-25193.3570156221,31.23046875,-90.28515625,-7457.22567873303,48987.0830859321,90.28515625,0,0,0,0,0,0,0,0,0,0,0,0
2.36028,0,0,0,-167.02069,0,0,0,0,-46.828125,-3528.88150452489,-10597.2057287935,46.828125,-121.9921875,-7173.53648190045,64183.0762064658,121.9921875,0,0,0,0,0,0,0,0,0,0,0,0
2.3647,0,0,0,-99.337601,0,0,0,0,-62.4921875,-3543.90554298643,-3399.10372432999,62.4921875,-152.23046875,-6841.24010180995,75180.1764910627,152.23046875,0,0,0,0,0,0,0,0,0,0,0,0
2.36912,0,0,0,-30.549206,0,0,0,0,-77.82421875,-3468.78535067873,16995.5186216499,77.82421875,-180.47265625,-6389.63518099547,102173.059007801,180.47265625,0,0,0,0,0,0,0,0,0,0,0,0
2.37354,0,0,0,38.579105,0,0,0,0,-92.5625,-3334.45277149321,30391.986241068,92.5625,-206.7265625,-5939.79779411765,101773.164451997,206.7265625,0,0,0,0,0,0,0,0,0,0,0,0
2.37796,0,0,0,107.27815,0,0,0,0,-106.046875,-3050.76357466063,64183.0762064658,106.046875,-230.72265625,-5428.98048642534,115569.526627219,230.72265625,0,0,0,0,0,0,0,0,0,0,0,0
2.38238,0,0,0,174.78355,0,0,0,0,-118.34375,-2782.09841628959,60783.9724821359,118.34375,-252.38671875,-4901.37160633484,119368.524907353,252.38671875,0,0,0,0,0,0,0,0,0,0,0,0
2.3868,0,0,0,240.34416,0,0,0,0,-128.71484375,-2346.40130090498,98574.008005569,128.71484375,-271.47265625,-4318.08540723982,131965.203415163,271.47265625,0,0,0,0,0,0,0,0,0,0,0,0
2.39122,0,0,0,303.23053,0,0,0,0,-136.671875,-1800.23331447964,123567.417743289,136.671875,-287.7890625,-3691.49462669683,141762.62003235,287.7890625,0,0,0,0,0,0,0,0,0,0,0,0
2.39564,0,0,0,362.74295,0,0,0,0,-142,-1205.45814479638,134564.518027886,142,-301.12890625,-3018.06419683258,152359.825761143,301.12890625,0,0,0,0,0,0,0,0,0,0,0,0
2.40006,0,0,0,418.21918,0,0,0,0,-144.18359375,-494.025735294118,160957.558710919,144.18359375,-311.96484375,-2451.56957013575,128166.20513503,311.96484375,0,0,0,0,0,0,0,0,0,0,0,0
2.40448,0,0,0,469.04202,0,0,0,0,-145,-184.70729638009,69981.547265617,145,-319.65625,-1740.13716063348,160957.558710919,319.65625,0,0,0,0,0,0,0,0,0,0,0,0
2.4089,0,0,0,514.64594,0,0,0,0,-141.515625,788.320135746606,220141.952969841,141.515625,-324.1015625,-1005.72680995475,166156.187936365,324.1015625,0,0,0,0,0,0,0,0,0,0,0,0
2.41332,0,0,0,554.5235,0,0,0,0,-135.59765625,1338.90695701357,124567.154132798,135.59765625,-326,-429.510746606335,130365.625191949,326,0,0,0,0,0,0,0,0,0,0,0,0
2.41774,0,0,0,588.23102,0,0,0,0,-127.9765625,1724.22935520362,87177.0131651686,127.9765625,-326,0,97174.3770602567,326,0,0,0,0,0,0,0,0,0,0,0,0
2.42216,0,0,0,615.39349,0,0,0,0,-119.00390625,2030.01272624434,69181.7581540099,119.00390625,-320.31640625,1285.88093891403,290923.289347065,320.31640625,0,0,0,0,0,0,0,0,0,0,0,0
2.42658,0,0,0,635.70856,0,0,0,0,-108.16015625,2453.3371040724,95774.7461149445,108.16015625,-311.62890625,1965.49773755656,153759.456706456,311.62890625,0,0,0,0,0,0,0,0,0,0,0,0
2.431,0,0,0,648.95032,0,0,0,0,-96.30859375,2681.34898190045,51586.3976986547,96.30859375,-300.1015625,2607.99632352941,145361.671034582,300.1015625,0,0,0,0,0,0,0,0,0,0,0,0
2.43542,0,0,0,654.97131,0,0,0,0,-82.890625,3035.73953619909,80178.8584386069,82.890625,-285.7578125,3245.19230769231,144161.987367171,285.7578125,0,0,0,0,0,0,0,0,0,0,0,0
2.43984,0,0,0,653.70465,0,0,0,0,-68.00390625,3368.03591628959,75180.1764910628,68.00390625,-268.71484375,3855.87528280543,138163.569030118,268.71484375,0,0,0,0,0,0,0,0,0,0,0,0
2.44426,0,0,0,645.16437,0,0,0,0,-52.6484375,3474.08795248869,23993.6733482116,52.6484375,-249.16796875,4422.36990950226,128166.20513503,249.16796875,0,0,0,0,0,0,0,0,0,0,0,0
2.44868,0,0,0,629.4455,0,0,0,0,-36.43359375,3668.51668552036,43988.4011383877,36.43359375,-226.671875,5089.61397058824,150960.194815831,226.671875,0,0,0,0,0,0,0,0,0,0,0,0
2.4531,0,0,0,606.72296,0,0,0,0,-20.00390625,3717.12386877828,10997.100284597,20.00390625,-201.77734375,5632.24688914027,122767.628631682,201.77734375,0,0,0,0,0,0,0,0,0,0,0,0
2.45752,0,0,0,577.24951,0,0,0,0,-3.234375,3794.01159502262,17395.4131774534,3.234375,-174.3046875,6215.53308823529,131965.203415163,174.3046875,0,0,0,0,0,0,0,0,0,0,0,0
2.46194,0,0,0,541.35321,0,0,0,0,13.45703125,3776.33625565611,-3998.94555803525,-13.45703125,-144.6328125,6713.09389140271,112570.317458693,144.6328125,0,0,0,0,0,0,0,0,0,0,0,0
2.46636,0,0,0,499.43338,0,0,0,0,29.78515625,3694.14592760181,-18595.096844864,-29.78515625,-112.86328125,7187.67675339366,107371.688233247,112.86328125,0,0,0,0,0,0,0,0,0,0,0,0
2.47078,0,0,0,451.95648,0,0,0,0,45.453125,3544.78930995475,-33791.0899653979,-45.453125,-79.109375,7636.63037330317,101573.217174096,79.109375,0,0,0,0,0,0,0,0,0,0,0,0
2.4752,0,0,0,399.45078,0,0,0,0,60.01171875,3293.79949095023,-56785.0269241007,-60.01171875,-44.28515625,7878.78252262443,54785.554145083,44.28515625,0,0,0,0,0,0,0,0,0,0,0,0
2.47962,0,0,0,342.50049,0,0,0,0,73.046875,2949.13037330317,-77979.4383816874,-73.046875,-8.37890625,8123.58597285068,55385.3959787883,8.37890625,0,0,0,0,0,0,0,0,0,0,0,0
2.48404,0,0,0,281.73929,0,0,0,0,84.6015625,2614.18269230769,-75780.0183247682,-84.6015625,28.57421875,8360.43552036199,53585.8704776725,-28.57421875,0,0,0,0,0,0,0,0,0,0,0,0
2.48846,0,0,0,217.84323,0,0,0,0,94.23828125,2180.25311085973,-98174.1134497655,-94.23828125,65.3984375,8331.27121040724,-6598.26017075813,-65.3984375,0,0,0,0,0,0,0,0,0,0,0,0
2.49288,0,0,0,151.5233,0,0,0,0,101.69921875,1687.99490950226,-111370.633791282,-101.69921875,102.15234375,8315.36340497738,-3599.05100223174,-102.15234375,0,0,0,0,0,0,0,0,0,0,0,0
2.4973,0,0,0,83.517395,0,0,0,0,107.3984375,1289.41600678733,-90176.2223336951,-107.3984375,138.375,8195.17109728507,-27192.8297946399,-138.375,0,0,0,0,0,0,0,0,0,0,0,0
2.50172,0,0,0,14.582214,0,0,0,0,110.421875,684.035633484163,-136963.885362708,-110.421875,173.39453125,7922.97087104072,-61583.761593743,-173.39453125,0,0,0,0,0,0,0,0,0,0,0,0
2.50614,0,0,0,-54.515217,0,0,0,0,111.67578125,283.689196832579,-90576.1168894986,-111.67578125,206.61328125,7515.55429864253,-92175.6951127126,-206.61328125,0,0,0,0,0,0,0,0,0,0,0,0
2.51056,0,0,0,-123.00607,0,0,0,0,111.99609375,72.4688914027149,-47787.3994185213,-111.99609375,237.8125,7058.6467760181,-103372.742675211,-237.8125,0,0,0,0,0,0,0,0,0,0,0,0
2.51498,0,0,0,-190.12827,0,0,0,0,110.5,-338.482748868778,-92975.4842243197,-110.5,266.23828125,6431.17222850679,-141962.567310252,-266.23828125,0,0,0,0,0,0,0,0,0,0,0,0
2.5194,0,0,0,-255.13495,0,0,0,0,107.11328125,-766.225961538461,-96774.4825044532,-107.11328125,291.44140625,5702.06447963801,-164956.504268954,-291.44140625,0,0,0,0,0,0,0,0,0,0,0,0
2.52382,0,0,0,-317.30283,0,0,0,0,103.92578125,-721.153846153846,10197.3111729899,-103.92578125,312.99609375,4876.62613122172,-186750.757560246,-312.99609375,0,0,0,0,0,0,0,0,0,0,0,0
2.52824,0,0,0,-375.94012,0,0,0,0,100.60546875,-751.201923076923,-6798.20744865993,-100.60546875,330.39453125,3936.29807692308,-212743.903687476,-330.39453125,0,0,0,0,0,0,0,0,0,0,0,0
2.53266,0,0,0,-430.39444,0,0,0,0,96.94921875,-827.205882352941,-17195.4658995516,-96.94921875,343.421875,2947.36283936652,-223741.003972073,-343.421875,0,0,0,0,0,0,0,0,0,0,0,0
2.53708,0,0,0,-480.05988,0,0,0,0,93.8515625,-700.827205882353,28592.4607399521,-93.8515625,351.9765625,1935.44966063348,-228939.633197519,-351.9765625,0,0,0,0,0,0,0,0,0,0,0,0
2.5415,0,0,0,-524.38379,0,0,0,0,90.98046875,-649.568721719457,11596.9421183022,-90.98046875,355.99609375,909.39621040724,-232138.789643947,-355.99609375,0,0,0,0,0,0,0,0,0,0,0,0
2.54592,0,0,0,-562.87305,0,0,0,0,88.83203125,-486.071832579185,36990.2464118261,-88.83203125,355.99609375,0,-205745.748960914,-355.99609375,0,0,0,0,0,0,0,0,0,0,0,0
2.55034,0,0,0,-595.0993,0,0,0,0,87.20703125,-367.647058823529,26792.9352388362,-87.20703125,351.08203125,-1111.77884615385,-251533.675600418,-351.08203125,0,0,0,0,0,0,0,0,0,0,0,0
2.55476,0,0,0,-620.7041,0,0,0,0,85.765625,-326.110011312217,9397.52206138285,-85.765625,341.15625,-2245.65186651584,-256532.357547962,-341.15625,0,0,0,0,0,0,0,0,0,0,0,0
2.55918,0,0,0,-639.4024,0,0,0,0,83.9609375,-408.300339366516,-18595.0968448639,-83.9609375,326.87890625,-3230.16826923077,-222741.267582564,-326.87890625,0,0,0,0,0,0,0,0,0,0,0,0
2.5636,0,0,0,-650.98633,0,0,0,0,81.96484375,-451.60492081448,-9797.41661718638,-81.96484375,308.99609375,-4045.88518099547,-184551.337503327,-308.99609375,0,0,0,0,0,0,0,0,0,0,0,0
2.56802,0,0,0,-655.32684,0,0,0,0,79.4375,-571.797228506787,-27192.8297946397,-79.4375,287.640625,-4831.5540158371,-177753.130054667,-287.640625,0,0,0,0,0,0,0,0,0,0,0,0
2.57244,0,0,0,-652.37567,0,0,0,0,76.3828125,-691.105769230769,-26992.882516738,-76.3828125,263.12890625,-5545.63772624434,-161557.400544624,-263.12890625,0,0,0,0,0,0,0,0,0,0,0,0
2.57686,0,0,0,-642.16571,0,0,0,0,72.04296875,-981.865101809955,-65782.65442968,-72.04296875,235.76953125,-6189.90384615385,-145761.565590385,-235.76953125,0,0,0,0,0,0,0,0,0,0,0,0
2.58128,0,0,0,-624.81049,0,0,0,0,67,-1140.9431561086,-35990.5100223173,-67,206.0234375,-6729.8854638009,-122167.786797977,-206.0234375,0,0,0,0,0,0,0,0,0,0,0,0
2.5857,0,0,0,-600.50323,0,0,0,0,61.109375,-1332.72058823529,-43388.5593046825,-61.109375,174.19140625,-7201.81702488688,-106771.846399541,-174.19140625,0,0,0,0,0,0,0,0,0,0,0,0
2.59012,0,0,0,-569.51428,0,0,0,0,53.625,-1693.29751131222,-81578.4893839193,-53.625,140.6953125,-7578.30175339366,-85177.5403861509,-140.6953125,0,0,0,0,0,0,0,0,0,0,0,0
2.59454,0,0,0,-532.18848,0,0,0,0,44.74609375,-2008.80231900452,-71381.1782109293,-44.74609375,106.17578125,-7809.84869909502,-52386.1868102619,-106.17578125,0,0,0,0,0,0,0,0,0,0,0,0
2.59896,0,0,0,-488.94116,0,0,0,0,34.03515625,-2423.28902714932,-93775.2733359268,-34.03515625,71,-7958.32154977375,-33591.142687496,-71,0,0,0,0,0,0,0,0,0,0,0,0
2.60338,0,0,0,-440.25351,0,0,0,0,22,-2722.88602941176,-67782.1272086976,-22,35.5078125,-8029.90667420814,-16195.7295100428,-35.5078125,0,0,0,0,0,0,0,0,0,0,0,0
2.6078,0,0,0,-386.66727,0,0,0,0,8.671875,-3015.4128959276,-66182.5489854836,-8.671875,0,-8033.44174208145,-799.789111607009,0,0,0,0,0,0,0,0,0,0,0,0,0
2.61222,0,0,0,-328.77869,0,0,0,0,-5.73046875,-3258.44881221719,-54985.5014229847,5.73046875,-34.57421875,-7822.22143665158,47787.3994185213,34.57421875,0,0,0,0,0,0,0,0,0,0,0,0
2.61664,0,0,0,-267.23187,0,0,0,0,-20.97265625,-3448.45871040724,-42988.6647488791,20.97265625,-68.6796875,-7716.16940045249,23993.6733482115,68.6796875,0,0,0,0,0,0,0,0,0,0,0,0
2.62106,0,0,0,-202.71161,0,0,0,0,-36.54296875,-3522.69513574661,-16795.571343748,36.54296875,-101.5078125,-7427.17760180995,65382.7598738763,101.5078125,0,0,0,0,0,0,0,0,0,0,0,0
2.62548,0,0,0,-135.93584,0,0,0,0,-52.2265625,-3548.32437782805,-5798.47105915112,52.2265625,-132.87109375,-7095.76498868778,74980.2292131611,132.87109375,0,0,0,0,0,0,0,0,0,0,0,0
2.6299,0,0,0,-67.647545,0,0,0,0,-67.46484375,-3447.57494343891,22793.989680801,67.46484375,-162.484375,-6699.83738687783,89576.3804999899,162.484375,0,0,0,0,0,0,0,0,0,0,0,0
2.63432,0,0,0,1.393445,0,0,0,0,-82.55078125,-3413.10803167421,7797.94383816875,82.55078125,-190.359375,-6306.56108597285,88976.5386662843,190.359375,0,0,0,0,0,0,0,0,0,0,0,0
2.63874,0,0,0,70.41893,0,0,0,0,-96.890625,-3244.30854072398,38189.9300792366,96.890625,-216.0859375,-5820.48925339366,109971.00284597,216.0859375,0,0,0,0,0,0,0,0,0,0,0,0
2.64316,0,0,0,138.66089,0,0,0,0,-110.01953125,-2970.34078054299,61983.6561495466,110.01953125,-239.5234375,-5302.60180995475,117169.104850433,239.5234375,0,0,0,0,0,0,0,0,0,0,0,0
2.64758,0,0,0,205.36,0,0,0,0,-121.60546875,-2621.2528280543,78979.1747711963,121.60546875,-260.28125,-4696.33766968326,137163.832640609,260.28125,0,0,0,0,0,0,0,0,0,0,0,0
2.652,0,0,0,269.77411,0,0,0,0,-130.8359375,-2088.34134615385,120568.208574763,130.8359375,-278.42578125,-4105.0975678733,133764.728916279,278.42578125,0,0,0,0,0,0,0,0,0,0,0,0
2.65642,0,0,0,331.18652,0,0,0,0,-138,-1620.8286199095,105772.110010033,138,-293.95703125,-3513.85746606335,133764.728916279,293.95703125,0,0,0,0,0,0,0,0,0,0,0,0
2.66084,0,0,0,388.91391,0,0,0,0,-142.08203125,-923.536481900452,157758.402264491,142.08203125,-306.4453125,-2825.40299773756,155758.929485473,306.4453125,0,0,0,0,0,0,0,0,0,0,0,0
2.66526,0,0,0,442.31393,0,0,0,0,-143.8828125,-407.41657239819,116769.210294629,143.8828125,-316.25,-2218.25509049774,137363.779918511,316.25,0,0,0,0,0,0,0,0,0,0,0,0
2.66968,0,0,0,490.79245,0,0,0,0,-142.5,312.85350678733,162957.031489937,142.5,-322.7734375,-1475.89083710407,167955.713437481,322.7734375,0,0,0,0,0,0,0,0,0,0,0,0
2.6741,0,0,0,533.81006,0,0,0,0,-138.48046875,909.39621040724,134964.41258369,138.48046875,-326.3125,-800.692873303167,152759.720316947,326.3125,0,0,0,0,0,0,0,0,0,0,0,0
2.67852,0,0,0,570.88806,0,0,0,0,-131.80859375,1509.47398190045,135764.201695297,131.80859375,-327,-155.542986425339,145961.512868287,327,0,0,0,0,0,0,0,0,0,0,0,0
2.68294,0,0,0,601.61395,0,0,0,0,-123.73828125,1825.86255656109,71581.1254888311,123.73828125,-324.94921875,463.977658371041,140163.041809136,324.94921875,0,0,0,0,0,0,0,0,0,0,0,0
2.68736,0,0,0,625.64581,0,0,0,0,-114.45703125,2099.83031674208,61983.6561495465,114.45703125,-318.40234375,1481.19343891403,230139.316864929,318.40234375,0,0,0,0,0,0,0,0,0,0,0,0
2.69178,0,0,0,642.71631,0,0,0,0,-103.33984375,2515.2007918552,93975.2206138286,103.33984375,-308.5390625,2231.51159502262,169755.238938597,308.5390625,0,0,0,0,0,0,0,0,0,0,0,0
2.6962,0,0,0,652.63544,0,0,0,0,-91.00390625,2790.93608597285,62383.55070535,91.00390625,-295.74609375,2894.33682126697,149960.458426322,295.74609375,0,0,0,0,0,0,0,0,0,0,0,0
2.70062,0,0,0,655.29285,0,0,0,0,-77.29296875,3102.02205882353,70381.4418214206,77.29296875,-280.32421875,3489.11199095023,134564.518027886,280.32421875,0,0,0,0,0,0,0,0,0,0,0,0
2.70504,0,0,0,650.659,0,0,0,0,-62.640625,3315.00989819005,48187.2939743248,62.640625,-261.9921875,4147.51838235294,148960.722036813,261.9921875,0,0,0,0,0,0,0,0,0,0,0,0
2.70946,0,0,0,638.7854,0,0,0,0,-47.01953125,3534.18410633484,49586.9249196372,47.01953125,-241.19921875,4704.29157239819,125966.785078111,241.19921875,0,0,0,0,0,0,0,0,0,0,0,0
2.71388,0,0,0,619.8042,0,0,0,0,-31.00390625,3623.44457013575,20194.675068078,31.00390625,-217.625,5333.53365384615,142362.461866055,217.625,0,0,0,0,0,0,0,0,0,0,0,0
2.7183,0,0,0,593.92664,0,0,0,0,-14.609375,3709.16996606335,19394.885956471,14.609375,-191.3828125,5937.14649321267,136563.990806904,191.3828125,0,0,0,0,0,0,0,0,0,0,0,0
2.72272,0,0,0,561.44055,0,0,0,0,2.015625,3761.31221719457,11796.889396204,-2.015625,-162.9375,6435.59106334842,112770.264736594,162.9375,0,0,0,0,0,0,0,0,0,0,0,0
2.72714,0,0,0,522.70746,0,0,0,0,18.4453125,3717.12386877828,-9997.36389508812,-18.4453125,-132.234375,6946.40837104072,115569.526627219,132.234375,0,0,0,0,0,0,0,0,0,0,0,0
2.73156,0,0,0,478.15836,0,0,0,0,34.34375,3596.93156108597,-27192.8297946397,-34.34375,-99.5390625,7397.12952488688,101973.111729899,99.5390625,0,0,0,0,0,0,0,0,0,0,0,0
2.73598,0,0,0,428.28891,0,0,0,0,49.33203125,3391.01385746606,-46587.7157511107,-49.33203125,-65.546875,7690.54015837104,66382.4962633852,65.546875,0,0,0,0,0,0,0,0,0,0,0,0
2.7404,0,0,0,373.65396,0,0,0,0,63.14453125,3125,-60184.1306484306,-63.14453125,-30.05078125,8030.79044117647,76979.7019921788,30.05078125,0,0,0,0,0,0,0,0,0,0,0,0
2.74482,0,0,0,314.86148,0,0,0,0,75.84765625,2874.01018099547,-56785.0269241007,-75.84765625,6.17578125,8196.05486425339,37390.1409676294,-6.17578125,0,0,0,0,0,0,0,0,0,0,0,0
2.74924,0,0,0,252.56563,0,0,0,0,86.3203125,2369.37924208145,-114169.895681907,-86.3203125,43.03125,8338.34134615385,32191.511742184,-43.03125,0,0,0,0,0,0,0,0,0,0,0,0
2.75366,0,0,0,187.45952,0,0,0,0,95.12109375,1991.12697963801,-85577.4349419545,-95.12109375,79.75390625,8308.29326923077,-6798.20744865978,-79.75390625,0,0,0,0,0,0,0,0,0,0,0,0
2.75808,0,0,0,120.2676,0,0,0,0,101.78125,1506.82268099547,-109571.108290166,-101.78125,116.37109375,8284.43156108597,-5398.57650334782,-116.37109375,0,0,0,0,0,0,0,0,0,0,0,0
2.7625,0,0,0,51.737499,0,0,0,0,106.453125,1056.98529411765,-101773.164451997,-106.453125,151.7734375,8009.58003393665,-62183.6034274483,-151.7734375,0,0,0,0,0,0,0,0,0,0,0,0
2.76692,0,0,0,-17.368277,0,0,0,0,108.99609375,575.332296380091,-108971.266456461,-108.99609375,186.1484375,7777.14932126697,-52586.1340881636,-186.1484375,0,0,0,0,0,0,0,0,0,0,0,0
2.77134,0,0,0,-86.2808,0,0,0,0,108.99609375,0,-130165.677914048,-108.99609375,218.42578125,7302.56645927602,-107371.688233247,-218.42578125,0,0,0,0,0,0,0,0,0,0,0,0
2.77576,0,0,0,-154.23329,0,0,0,0,108.99609375,0,0,-108.99609375,248.37109375,6774.95757918552,-119368.524907353,-248.37109375,0,0,0,0,0,0,0,0,0,0,0,0
2.78018,0,0,0,-220.46968,0,0,0,0,106.984375,-455.139988687783,-102972.848119408,-106.984375,275.27734375,6087.38687782805,-155558.982207571,-275.27734375,0,0,0,0,0,0,0,0,0,0,0,0
2.7846,0,0,0,-284.25296,0,0,0,0,104,-675.197963800905,-49786.872197539,-104,298.72265625,5304.3693438914,-177153.288220962,-298.72265625,0,0,0,0,0,0,0,0,0,0,0,0
2.78902,0,0,0,-344.87341,0,0,0,0,100.78125,-728.223981900452,-11996.8366741058,-100.78125,318.29296875,4427.67251131222,-198347.699678549,-318.29296875,0,0,0,0,0,0,0,0,0,0,0,0
2.79344,0,0,0,-401.65656,0,0,0,0,97.14453125,-822.787047511312,-21394.3587354886,-97.14453125,333.859375,3521.81136877828,-204945.959849307,-333.859375,0,0,0,0,0,0,0,0,0,0,0,0
2.79786,0,0,0,-453.97055,0,0,0,0,93.70703125,-777.714932126697,10197.3111729899,-93.70703125,344.99609375,2519.61962669683,-226740.213140599,-344.99609375,0,0,0,0,0,0,0,0,0,0,0,0
2.80228,0,0,0,-501.23334,0,0,0,0,90.50390625,-724.688914027149,11996.8366741058,-90.50390625,351.37109375,1442.30769230769,-243735.731762249,-351.37109375,0,0,0,0,0,0,0,0,0,0,0,0
2.8067,0,0,0,-542.91901,0,0,0,0,88,-566.494626696832,35790.5627444156,-88,353.76953125,542.632918552036,-203546.328903995,-353.76953125,0,0,0,0,0,0,0,0,0,0,0,0
2.81112,0,0,0,-578.56378,0,0,0,0,86,-452.488687782805,25793.1988493274,-86,351.97265625,-406.532805429864,-214743.376466493,-351.97265625,0,0,0,0,0,0,0,0,0,0,0,0
2.81554,0,0,0,-607.77106,0,0,0,0,84.640625,-307.550904977376,32791.3535758891,-84.640625,344.31640625,-1732.18325791855,-299920.916852644,-344.31640625,0,0,0,0,0,0,0,0,0,0,0,0
2.81996,0,0,0,-630.21576,0,0,0,0,82.76953125,-423.324377828054,-26193.0934051309,-82.76953125,332.50390625,-2672.51131221719,-212743.903687476,-332.50390625,0,0,0,0,0,0,0,0,0,0,0,0
2.82438,0,0,0,-645.64819,0,0,0,0,80.87109375,-429.510746606335,-1399.63094531234,-80.87109375,316.69921875,-3575.72115384615,-204346.118015602,-316.69921875,0,0,0,0,0,0,0,0,0,0,0,0
2.8288,0,0,0,-653.89667,0,0,0,0,78.625,-508.16600678733,-17795.3077332569,-78.625,297.328125,-4382.6003959276,-182551.864724309,-297.328125,0,0,0,0,0,0,0,0,0,0,0,0
2.83322,0,0,0,-654.86945,0,0,0,0,75.8828125,-620.404411764706,-25393.3042935239,-75.8828125,274.6484375,-5131.15101809955,-169355.344382793,-274.6484375,0,0,0,0,0,0,0,0,0,0,0,0
2.83764,0,0,0,-648.5556,0,0,0,0,72.4375,-779.482466063348,-35990.5100223173,-72.4375,248.8671875,-5832.86199095023,-158758.138654,-248.8671875,0,0,0,0,0,0,0,0,0,0,0,0
2.84206,0,0,0,-635.02545,0,0,0,0,68.3828125,-917.350113122172,-31191.775352675,-68.3828125,220.5546875,-6405.54298642534,-129565.836080342,-220.5546875,0,0,0,0,0,0,0,0,0,0,0,0
2.84648,0,0,0,-614.42957,0,0,0,0,62.84375,-1253.18156108597,-75979.9656026699,-62.84375,190.05078125,-6901.33625565611,-112170.422902889,-190.05078125,0,0,0,0,0,0,0,0,0,0,0,0
2.8509,0,0,0,-586.99707,0,0,0,0,56.359375,-1467.05316742081,-48387.2412522266,-56.359375,157.59765625,-7342.33597285068,-99773.6916729798,-157.59765625,0,0,0,0,0,0,0,0,0,0,0,0
2.85532,0,0,0,-553.0332,0,0,0,0,48.45703125,-1787.86057692308,-72580.8618783399,-48.45703125,123.58984375,-7694.07522624434,-79579.0166049015,-123.58984375,0,0,0,0,0,0,0,0,0,0,0,0
2.85974,0,0,0,-512.91583,0,0,0,0,38.9921875,-2141.36736425339,-79978.9111607051,-38.9921875,88.73828125,-7884.96889140271,-43188.6120267809,-88.73828125,0,0,0,0,0,0,0,0,0,0,0,0
2.86416,0,0,0,-467.0914,0,0,0,0,27.9921875,-2488.68778280543,-78579.2802153928,-27.9921875,53.6796875,-7931.80854072398,-10597.2057287934,-53.6796875,0,0,0,0,0,0,0,0,0,0,0,0
2.86858,0,0,0,-416.06976,0,0,0,0,15.59765625,-2804.19259049774,-71381.1782109293,-15.59765625,18.22265625,-8021.95277149321,-20394.6223459797,-18.22265625,0,0,0,0,0,0,0,0,0,0,0,0
2.873,0,0,0,-360.41861,0,0,0,0,2,-3076.39281674208,-61583.761593743,-2,-16.76953125,-7916.78450226244,23793.7260703096,16.76953125,0,0,0,0,0,0,0,0,0,0,0,0
2.87742,0,0,0,-300.75717,0,0,0,0,-12.64453125,-3313.24236425339,-53585.8704776725,12.64453125,-51.00390625,-7745.33371040724,38789.7719129422,51.00390625,0,0,0,0,0,0,0,0,0,0,0,0
2.88184,0,0,0,-237.74928,0,0,0,0,-27.50390625,-3361.84954751131,-10997.1002845969,27.50390625,-84.2734375,-7527.04326923077,49386.9776417354,84.2734375,0,0,0,0,0,0,0,0,0,0,0,0
2.88626,0,0,0,-172.09602,0,0,0,0,-43.02734375,-3512.0899321267,-33991.0372432997,43.02734375,-116.26171875,-7237.16770361991,65582.7071517782,116.26171875,0,0,0,0,0,0,0,0,0,0,0,0
2.89068,0,0,0,-104.52789,0,0,0,0,-58.5703125,-3516.50876696833,-999.736389508864,58.5703125,-146.61328125,-6866.8693438914,83777.9094408386,146.61328125,0,0,0,0,0,0,0,0,0,0,0,0
2.8951,0,0,0,-35.796703,0,0,0,0,-73.85546875,-3458.18014705882,13196.5203415164,73.85546875,-175.54296875,-6545.17816742081,72780.8091562417,175.54296875,0,0,0,0,0,0,0,0,0,0,0,0
2.89952,0,0,0,33.332787,0,0,0,0,-88.390625,-3288.49688914027,38389.8773571385,88.390625,-201.93359375,-5970.72963800905,129965.730636146,201.93359375,0,0,0,0,0,0,0,0,0,0,0,0
2.90394,0,0,0,102.09138,0,0,0,0,-102.01171875,-3081.69541855204,46787.6630290126,102.01171875,-226.3125,-5515.58964932127,102972.848119408,226.3125,0,0,0,0,0,0,0,0,0,0,0,0
2.90836,0,0,0,169.71405,0,0,0,0,-114.25390625,-2769.72567873303,70581.3890993222,114.25390625,-248.46484375,-5011.84247737557,113969.948404005,248.46484375,0,0,0,0,0,0,0,0,0,0,0,0
2.91278,0,0,0,235.44833,0,0,0,0,-125,-2431.24292986425,76579.8074363752,125,-267.84765625,-4385.25169683258,141762.62003235,267.84765625,0,0,0,0,0,0,0,0,0,0,0,0
2.9172,0,0,0,298.56287,0,0,0,0,-133.15625,-1845.30542986425,132565.045248869,133.15625,-284.54296875,-3777.22002262443,137563.727196413,284.54296875,0,0,0,0,0,0,0,0,0,0,0,0
2.92162,0,0,0,358.35535,0,0,0,0,-138.6015625,-1231.97115384615,138763.410863823,138.6015625,-298.34375,-3122.34869909502,148160.932925206,298.34375,0,0,0,0,0,0,0,0,0,0,0,0
2.92604,0,0,0,414.16049,0,0,0,0,-141.66015625,-691.989536199095,122167.786797977,141.66015625,-309.55078125,-2535.5274321267,132764.992526771,309.55078125,0,0,0,0,0,0,0,0,0,0,0,0
2.93046,0,0,0,465.35739,0,0,0,0,-142,-76.8877262443439,139163.305419627,142,-317.65625,-1833.81645927602,158758.138654,317.65625,0,0,0,0,0,0,0,0,0,0,0,0
2.93488,0,0,0,511.37634,0,0,0,0,-139.53515625,557.656957013575,143562.145533466,139.53515625,-322.53515625,-1103.82494343891,165156.451546856,322.53515625,0,0,0,0,0,0,0,0,0,0,0,0
2.9393,0,0,0,551.70538,0,0,0,0,-134.12109375,1224.90101809955,150960.194815831,134.12109375,-324.8203125,-517.003676470588,132764.992526771,324.8203125,0,0,0,0,0,0,0,0,0,0,0,0
2.94372,0,0,0,585.89569,0,0,0,0,-126.77734375,1661.48190045249,98773.9552834709,126.77734375,-325,-40.6532805429864,107771.58278905,325,0,0,0,0,0,0,0,0,0,0,0,0
2.94814,0,0,0,613.56689,0,0,0,0,-118.16796875,1947.82239819005,64782.9180401711,118.16796875,-319.68359375,1202.8068438914,281325.82000778,319.68359375,0,0,0,0,0,0,0,0,0,0,0,0
2.95256,0,0,0,634.41113,0,0,0,0,-107.9921875,2302.21295248869,80178.8584386069,107.9921875,-311.53515625,1843.5378959276,144961.776478778,311.53515625,0,0,0,0,0,0,0,0,0,0,0,0
2.95698,0,0,0,648.19641,0,0,0,0,-96.51953125,2595.62358597285,66382.4962633852,96.51953125,-300.375,2524.92222850679,154159.351262259,300.375,0,0,0,0,0,0,0,0,0,0,0,0
2.9614,0,0,0,654.76935,0,0,0,0,-83.625,2917.31476244344,72780.8091562417,83.625,-286.40625,3160.35067873303,143762.092811368,286.40625,0,0,0,0,0,0,0,0,0,0,0,0
2.96582,0,0,0,654.05682,0,0,0,0,-69.61328125,3170.07211538462,57184.9214799042,69.61328125,-269.67578125,3785.17392533937,141362.725476546,269.67578125,0,0,0,0,0,0,0,0,0,0,0,0
2.97024,0,0,0,646.06683,0,0,0,0,-54.71484375,3370.68721719457,45388.0320837001,54.71484375,-250.32421875,4378.18156108597,134164.623472083,250.32421875,0,0,0,0,0,0,0,0,0,0,0,0
2.97466,0,0,0,630.88818,0,0,0,0,-39,3555.39451357466,41788.9810814685,39,-228.18359375,5009.19117647059,142762.356421859,228.18359375,0,0,0,0,0,0,0,0,0,0,0,0
2.97908,0,0,0,608.68976,0,0,0,0,-22.88671875,3645.53874434389,20394.6223459798,22.88671875,-203.42578125,5601.31504524887,133964.676194181,203.42578125,0,0,0,0,0,0,0,0,0,0,0,0
2.9835,0,0,0,579.71863,0,0,0,0,-6.50390625,3706.51866515837,13796.3621752216,6.50390625,-176.56640625,6076.78167420814,107571.635511148,176.56640625,0,0,0,0,0,0,0,0,0,0,0,0
2.98792,0,0,0,544.29712,0,0,0,0,9.84765625,3699.44852941176,-1599.57822321412,-9.84765625,-147.00390625,6688.34841628959,138363.51630802,147.00390625,0,0,0,0,0,0,0,0,0,0,0,0
2.99234,0,0,0,502.81937,0,0,0,0,25.875,3626.09587104072,-16595.6240658464,-25.875,-115.6171875,7101.06759049774,93375.3787801233,115.6171875,0,0,0,0,0,0,0,0,0,0,0,0
2.99676,0,0,0,455.74683,0,0,0,0,41.28515625,3486.46069004525,-31591.6699084785,-41.28515625,-82.59765625,7470.48218325792,83577.9621629369,82.59765625,0,0,0,0,0,0,0,0,0,0,0,0
3.00118,0,0,0,403.60333,0,0,0,0,55.62109375,3243.42477375566,-54985.5014229848,-55.62109375,-48.21484375,7778.91685520362,69781.5999877151,48.21484375,0,0,0,0,0,0,0,0,0,0,0,0
3.0056,0,0,0,346.96906,0,0,0,0,68.7734375,2975.64338235294,-60584.0252042341,-68.7734375,-12.453125,8090.88659502262,70581.3890993223,12.453125,0,0,0,0,0,0,0,0,0,0,0,0
3.01002,0,0,0,286.47412,0,0,0,0,80.4375,2638.92816742081,-76179.9128805717,-80.4375,23.7421875,8188.98472850679,22194.1478470958,-23.7421875,0,0,0,0,0,0,0,0,0,0,0,0
3.01444,0,0,0,222.79166,0,0,0,0,90.20703125,2210.30118778281,-96974.4297823549,-90.20703125,60.5703125,8332.15497737557,32391.4590200855,-60.5703125,0,0,0,0,0,0,0,0,0,0,0,0
3.01886,0,0,0,156.63025,0,0,0,0,97.90234375,1741.02092760181,-106172.004565836,-97.90234375,96.9921875,8240.24321266968,-20794.5169017835,-96.9921875,0,0,0,0,0,0,0,0,0,0,0,0
3.02328,0,0,0,88.726059,0,0,0,0,103.53515625,1274.39196832579,-105572.162732131,-103.53515625,132.8125,8104.14309954751,-30791.8807968713,-132.8125,0,0,0,0,0,0,0,0,0,0,0,0
3.0277,0,0,0,19.834635,0,0,0,0,106.99609375,783.017533936651,-111170.68651338,-106.99609375,167.26953125,7795.70842760181,-69781.5999877153,-167.26953125,0,0,0,0,0,0,0,0,0,0,0,0
3.03212,0,0,0,-49.277485,0,0,0,0,107.99609375,226.244343891403,-125966.785078111,-107.99609375,200.42578125,7501.41402714932,-66582.4435412871,-200.42578125,0,0,0,0,0,0,0,0,0,0,0,0
3.03654,0,0,0,-117.84131,0,0,0,0,107.99609375,0,-51186.5031428513,-107.99609375,231.18359375,6958.78110859728,-122767.628631682,-231.18359375,0,0,0,0,0,0,0,0,0,0,0,0
3.04096,0,0,0,-185.09393,0,0,0,0,106.5,-338.482748868778,-76579.8074363752,-106.5,259.56640625,6421.4507918552,-121567.944964272,-259.56640625,0,0,0,0,0,0,0,0,0,0,0,0
3.04538,0,0,0,-250.28706,0,0,0,0,103.78125,-615.101809954751,-62583.4979832518,-103.78125,284.73046875,5693.22680995475,-164756.556991053,-284.73046875,0,0,0,0,0,0,0,0,0,0,0,0
3.0498,0,0,0,-312.69531,0,0,0,0,100.71875,-692.873303167421,-17595.3604553551,-100.71875,306.04296875,4821.83257918552,-197148.016011138,-306.04296875,0,0,0,0,0,0,0,0,0,0,0,0
3.05422,0,0,0,-371.6243,0,0,0,0,97.16015625,-805.111708144796,-25393.3042935239,-97.16015625,323.55078125,3961.0435520362,-194748.648676317,-323.55078125,0,0,0,0,0,0,0,0,0,0,0,0
3.05864,0,0,0,-426.4183,0,0,0,0,93.671875,-789.203902714932,3599.05100223174,-93.671875,336.80078125,2997.73755656109,-217942.532912921,-336.80078125,0,0,0,0,0,0,0,0,0,0,0,0
3.06306,0,0,0,-476.46765,0,0,0,0,90.2890625,-765.342194570136,5398.57650334759,-90.2890625,345.3515625,1934.56589366516,-240536.575315821,-345.3515625,0,0,0,0,0,0,0,0,0,0,0,0
3.06748,0,0,0,-521.21545,0,0,0,0,87.58984375,-610.682975113122,34990.7736328085,-87.58984375,349.40234375,916.466346153846,-230339.264142831,-349.40234375,0,0,0,0,0,0,0,0,0,0,0,0
3.0719,0,0,0,-560.16382,0,0,0,0,85.60546875,-448.953619909502,36590.3518560226,-85.60546875,349.99609375,134.33257918552,-176953.34094306,-349.99609375,0,0,0,0,0,0,0,0,0,0,0,0
3.07632,0,0,0,-592.87939,0,0,0,0,84.09765625,-341.134049773756,24393.5679040151,-84.09765625,344.96484375,-1138.29185520362,-287924.080178539,-344.96484375,0,0,0,0,0,0,0,0,0,0,0,0
3.08074,0,0,0,-618.99817,0,0,0,0,82.54296875,-351.739253393665,-2399.36733482115,-82.54296875,335.24609375,-2198.81221719457,-239936.733482115,-335.24609375,0,0,0,0,0,0,0,0,0,0,0,0
3.08516,0,0,0,-638.22949,0,0,0,0,81.2265625,-297.829468325792,12196.7839520075,-81.2265625,321.48046875,-3114.39479638009,-207145.379906226,-321.48046875,0,0,0,0,0,0,0,0,0,0,0,0
3.08958,0,0,0,-650.35938,0,0,0,0,79.30859375,-433.929581447964,-30791.8807968715,-79.30859375,303.8984375,-3977.83512443439,-195348.490510022,-303.8984375,0,0,0,0,0,0,0,0,0,0,0,0
3.094,0,0,0,-655.25287,0,0,0,0,77.1796875,-481.652997737557,-10797.1530066952,-77.1796875,283.0703125,-4712.24547511312,-166156.187936365,-283.0703125,0,0,0,0,0,0,0,0,0,0,0,0
3.09842,0,0,0,-652.85553,0,0,0,0,74.03125,-712.316176470588,-52186.2395323601,-74.03125,259.0625,-5431.63178733032,-162757.084212035,-259.0625,0,0,0,0,0,0,0,0,0,0,0,0
3.10284,0,0,0,-643.19409,0,0,0,0,70.27734375,-849.300056561086,-30991.8280747733,-70.27734375,232.0390625,-6113.89988687783,-154359.298540161,-232.0390625,0,0,0,0,0,0,0,0,0,0,0,0
3.10726,0,0,0,-626.37592,0,0,0,0,65.734375,-1027.8209841629,-40389.3501361561,-65.734375,202.9140625,-6589.3665158371,-107571.635511148,-202.9140625,0,0,0,0,0,0,0,0,0,0,0,0
3.11168,0,0,0,-602.58826,0,0,0,0,59.953125,-1307.97511312217,-63383.2870948588,-59.953125,171.64453125,-7074.55458144796,-109771.055568068,-171.64453125,0,0,0,0,0,0,0,0,0,0,0,0
3.1161,0,0,0,-572.0957,0,0,0,0,53.109375,-1548.35972850679,-54385.6595892795,-53.109375,138.765625,-7438.66657239819,-82378.2784955264,-138.765625,0,0,0,0,0,0,0,0,0,0,0,0
3.12052,0,0,0,-535.23761,0,0,0,0,44.55078125,-1936.33342760181,-87776.8549988739,-44.55078125,104.70703125,-7705.56419683258,-60384.0779263324,-104.70703125,0,0,0,0,0,0,0,0,0,0,0,0
3.12494,0,0,0,-492.42407,0,0,0,0,34.14453125,-2354.35520361991,-94575.0624475339,-34.14453125,70.26953125,-7791.28959276018,-19394.8859564709,-70.26953125,0,0,0,0,0,0,0,0,0,0,0,0
3.12936,0,0,0,-444.13144,0,0,0,0,22.39453125,-2658.37104072398,-68781.8635982064,-22.39453125,35.3046875,-7910.59813348416,-26992.8825167381,-35.3046875,0,0,0,0,0,0,0,0,0,0,0,0
3.13378,0,0,0,-390.89706,0,0,0,0,9.46484375,-2925.26866515837,-60384.0779263323,-9.46484375,0.49609375,-7875.24745475113,7997.8911160705,-0.49609375,0,0,0,0,0,0,0,0,0,0,0,0
3.1382,0,0,0,-333.31329,0,0,0,0,-4.87890625,-3245.19230769231,-72380.9146004382,4.87890625,-33.49609375,-7690.54015837104,41788.9810814686,33.49609375,0,0,0,0,0,0,0,0,0,0,0,0
3.14262,0,0,0,-272.02081,0,0,0,0,-19.47265625,-3301.75339366516,-12796.6257857128,19.47265625,-66.70703125,-7513.78676470588,39989.4555803525,66.70703125,0,0,0,0,0,0,0,0,0,0,0,0
3.14704,0,0,0,-207.70163,0,0,0,0,-34.95703125,-3503.25226244344,-45587.979361602,34.95703125,-99.0234375,-7311.40412895928,45787.9266395038,99.0234375,0,0,0,0,0,0,0,0,0,0,0,0
3.15146,0,0,0,-141.0714,0,0,0,0,-50.65625,-3551.85944570136,-10997.100284597,50.65625,-129.76171875,-6954.36227375566,80778.7002723122,129.76171875,0,0,0,0,0,0,0,0,0,0,0,0
3.15588,0,0,0,-72.871498,0,0,0,0,-66.17578125,-3511.20616515837,9197.57478348111,66.17578125,-159.1484375,-6648.57890271493,69181.7581540099,159.1484375,0,0,0,0,0,0,0,0,0,0,0,0
3.1603,0,0,0,-3.8607786,0,0,0,0,-81.3359375,-3429.8996040724,18395.1495669622,81.3359375,-186.25,-6131.57522624434,116969.157572531,186.25,0,0,0,0,0,0,0,0,0,0,0,0
3.16472,0,0,0,65.192902,0,0,0,0,-95.5859375,-3223.98190045249,46587.7157511107,95.5859375,-211.546875,-5723.27488687783,92375.6423906144,211.546875,0,0,0,0,0,0,0,0,0,0,0,0
3.16914,0,0,0,133.52119,0,0,0,0,-108.73828125,-2975.64338235294,56185.1850903953,108.73828125,-234.29296875,-5146.17505656109,130565.572469851,234.29296875,0,0,0,0,0,0,0,0,0,0,0,0
3.17356,0,0,0,200.36383,0,0,0,0,-120.0625,-2562.04044117647,93575.3260580251,120.0625,-254.8515625,-4651.26555429864,111970.475624987,254.8515625,0,0,0,0,0,0,0,0,0,0,0,0
3.17798,0,0,0,264.97705,0,0,0,0,-129.49609375,-2134.29722850679,96774.4825044532,129.49609375,-272.7109375,-4040.58257918552,138163.569030118,272.7109375,0,0,0,0,0,0,0,0,0,0,0,0
3.1824,0,0,0,326.64197,0,0,0,0,-136.390625,-1559.84869909502,129965.730636146,136.390625,-288,-3459.06391402715,131565.30885936,288,0,0,0,0,0,0,0,0,0,0,0,0
3.18682,0,0,0,384.67239,0,0,0,0,-140.71875,-979.213800904977,131365.361581458,140.71875,-300.33984375,-2791.81985294118,150960.194815831,300.33984375,0,0,0,0,0,0,0,0,0,0,0,0
3.19124,0,0,0,438.4227,0,0,0,0,-142,-289.87556561086,155958.876763375,142,-310,-2185.55571266968,137163.832640609,310,0,0,0,0,0,0,0,0,0,0,0,0
3.19566,0,0,0,487.29474,0,0,0,0,-142,0,65582.7071517782,142,-316.70703125,-1517.42788461538,151160.142093733,316.70703125,0,0,0,0,0,0,0,0,0,0,0,0
3.20008,0,0,0,530.74481,0,0,0,0,-136.94140625,1144.4782239819,258931.724882783,136.94140625,-320.3125,-815.716911764706,158758.138654,320.3125,0,0,0,0,0,0,0,0,0,0,0,0
3.2045,0,0,0,568.28943,0,0,0,0,-130.41796875,1475.89083710407,74980.2292131611,130.41796875,-321,-155.542986425339,149360.616592617,321,0,0,0,0,0,0,0,0,0,0,0,0
3.20892,0,0,0,599.5108,0,0,0,0,-122.30078125,1836.467760181,81578.4893839193,122.30078125,-319.5,339.366515837104,111970.475624987,319.5,0,0,0,0,0,0,0,0,0,0,0,0
3.21334,0,0,0,624.06152,0,0,0,0,-112.71484375,2168.76414027149,75180.1764910628,112.71484375,-313.31640625,1399.00311085973,239736.786204214,313.31640625,0,0,0,0,0,0,0,0,0,0,0,0
3.21776,0,0,0,641.66852,0,0,0,0,-101.65234375,2502.82805429864,75580.0710468663,101.65234375,-303.83984375,2144.01866515837,168555.555271186,303.83984375,0,0,0,0,0,0,0,0,0,0,0,0
3.22218,0,0,0,652.13586,0,0,0,0,-89.2109375,2814.79779411765,70581.3890993223,89.2109375,-291.515625,2788.28478506787,145761.565590385,291.515625,0,0,0,0,0,0,0,0,0,0,0,0
3.2266,0,0,0,655.34698,0,0,0,0,-75.49609375,3102.90582579186,65182.8125959747,75.49609375,-276.65234375,3362.73331447964,129965.730636146,276.65234375,0,0,0,0,0,0,0,0,0,0,0,0
3.23102,0,0,0,651.2663,0,0,0,0,-60.65625,3357.43071266968,57584.8160357077,60.65625,-259.00390625,3992.85916289593,142562.409143957,259.00390625,0,0,0,0,0,0,0,0,0,0,0,0
3.23544,0,0,0,639.93909,0,0,0,0,-45.30859375,3472.32041855204,25993.1461272291,45.30859375,-238.73828125,4584.98303167421,133964.676194181,238.73828125,0,0,0,0,0,0,0,0,0,0,0,0
3.23986,0,0,0,621.49139,0,0,0,0,-29.19140625,3646.42251131222,39389.6137466473,29.19140625,-215.71875,5208.03874434389,140962.830920743,215.71875,0,0,0,0,0,0,0,0,0,0,0,0
3.24428,0,0,0,596.1286,0,0,0,0,-12.5,3776.33625565611,29392.2498515591,12.5,-190.2265625,5767.46323529412,126566.626911816,190.2265625,0,0,0,0,0,0,0,0,0,0,0,0
3.2487,0,0,0,564.13281,0,0,0,0,3.99609375,3732.14790723982,-9997.36389508812,-3.99609375,-162.29296875,6319.81759049774,124967.048688602,162.29296875,0,0,0,0,0,0,0,0,0,0,0,0
3.25312,0,0,0,525.85999,0,0,0,0,20.234375,3673.81928733032,-13196.5203415164,-20.234375,-132.09375,6832.4024321267,115969.421183022,132.09375,0,0,0,0,0,0,0,0,0,0,0,0
3.25754,0,0,0,481.73615,0,0,0,0,36.03125,3573.9536199095,-22594.0424028992,-36.03125,-99.984375,7264.56447963801,97774.218893962,99.984375,0,0,0,0,0,0,0,0,0,0,0,0
3.26196,0,0,0,432.25211,0,0,0,0,50.81640625,3345.05797511312,-51786.3449765566,-50.81640625,-66.4140625,7595.09332579186,74780.2819352594,66.4140625,0,0,0,0,0,0,0,0,0,0,0,0
3.26638,0,0,0,377.9585,0,0,0,0,64.4921875,3094.0681561086,-56785.0269241006,-64.4921875,-31.36328125,7930.04100678733,75780.0183247681,31.36328125,0,0,0,0,0,0,0,0,0,0,0,0
3.2708,0,0,0,319.45944,0,0,0,0,76.7109375,2764.42307692308,-74580.3346573576,-76.7109375,4.63671875,8144.7963800905,48587.1885301283,-4.63671875,0,0,0,0,0,0,0,0,0,0,0,0
3.27522,0,0,0,257.40585,0,0,0,0,87.1875,2370.26300904977,-89176.4859441862,-87.1875,41.00390625,8227.87047511312,18795.0441227655,-41.00390625,0,0,0,0,0,0,0,0,0,0,0,0
3.27964,0,0,0,192.48816,0,0,0,0,95.71484375,1929.2632918552,-99773.6916729797,-95.71484375,77.6328125,8287.08286199095,13396.4676194183,-77.6328125,0,0,0,0,0,0,0,0,0,0,0,0
3.28406,0,0,0,125.4287,0,0,0,0,102.08984375,1442.30769230769,-110170.950123871,-102.08984375,113.8828125,8201.35746606335,-19394.8859564711,-113.8828125,0,0,0,0,0,0,0,0,0,0,0,0
3.28848,0,0,0,56.973629,0,0,0,0,106.0390625,893.488404977375,-124167.259576995,-106.0390625,149.3046875,8013.99886877828,-42388.8229151737,-149.3046875,0,0,0,0,0,0,0,0,0,0,0,0
3.2929,0,0,0,-12.115373,0,0,0,0,107.99609375,442.767251131222,-101973.111729899,-107.99609375,183.28125,7687.00509049774,-73980.4928236522,-183.28125,0,0,0,0,0,0,0,0,0,0,0,0
3.29732,0,0,0,-81.069565,0,0,0,0,107.99609375,0,-100173.586228783,-107.99609375,215.390625,7264.56447963801,-95574.7988370427,-215.390625,0,0,0,0,0,0,0,0,0,0,0,0
3.30174,0,0,0,-149.12172,0,0,0,0,107.99609375,0,0,-107.99609375,245.265625,6759.04977375566,-114369.842959808,-245.265625,0,0,0,0,0,0,0,0,0,0,0,0
3.30616,0,0,0,-215.51463,0,0,0,0,104.43359375,-805.995475113122,-182351.917446408,-104.43359375,272.20703125,6095.34078054299,-150160.405704224,-272.20703125,0,0,0,0,0,0,0,0,0,0,0,0
3.31058,0,0,0,-279.50958,0,0,0,0,101.484375,-667.244061085973,31391.7226305768,-101.484375,295.5703125,5285.81023755656,-183151.706558015,-295.5703125,0,0,0,0,0,0,0,0,0,0,0,0
3.315,0,0,0,-340.39447,0,0,0,0,98,-788.320135746606,-27392.7770725415,-98,315.34375,4473.62839366516,-183751.54839172,-315.34375,0,0,0,0,0,0,0,0,0,0,0,0
3.31942,0,0,0,-397.49191,0,0,0,0,94.51953125,-787.43636877828,199.947277901778,-94.51953125,330.82421875,3502.36849547511,-219742.058414037,-330.82421875,0,0,0,0,0,0,0,0,0,0,0,0
3.32384,0,0,0,-450.16653,0,0,0,0,91.1953125,-752.085690045249,7997.8911160705,-91.1953125,341.828125,2489.57154977376,-229139.58047542,-341.828125,0,0,0,0,0,0,0,0,0,0,0,0
3.32826,0,0,0,-497.83224,0,0,0,0,88.5,-609.799208144796,32191.5117421838,-88.5,348.31640625,1467.93693438914,-231139.053254438,-348.31640625,0,0,0,0,0,0,0,0,0,0,0,0
3.33268,0,0,0,-539.95874,0,0,0,0,86.3203125,-493.141968325792,26393.0406830327,-86.3203125,349.99609375,380.019796380091,-246135.09909707,-349.99609375,0,0,0,0,0,0,0,0,0,0,0,0
3.3371,0,0,0,-576.07721,0,0,0,0,85,-298.713235294118,43988.4011383878,-85,348.5,-338.482748868778,-162557.136934133,-348.5,0,0,0,0,0,0,0,0,0,0,0,0
3.34152,0,0,0,-605.78583,0,0,0,0,83.75,-282.805429864253,3599.05100223173,-83.75,341.2890625,-1631.43382352941,-292522.867570279,-341.2890625,0,0,0,0,0,0,0,0,0,0,0,0
3.34594,0,0,0,-628.75403,0,0,0,0,82.58203125,-264.246323529412,4198.89283593701,-82.58203125,329.33984375,-2703.4431561086,-242536.048094838,-329.33984375,0,0,0,0,0,0,0,0,0,0,0,0
3.35036,0,0,0,-644.72626,0,0,0,0,81.30078125,-289.87556561086,-5798.47105915112,-81.30078125,313.68359375,-3542.13800904977,-189749.966728773,-313.68359375,0,0,0,0,0,0,0,0,0,0,0,0
3.35478,0,0,0,-653.52478,0,0,0,0,79.31640625,-448.953619909502,-35990.5100223173,-79.31640625,294.53515625,-4332.22567873303,-178752.866444176,-294.53515625,0,0,0,0,0,0,0,0,0,0,0,0
3.3592,0,0,0,-655.05164,0,0,0,0,76.87890625,-551.470588235294,-23193.8842366045,-76.87890625,271.9609375,-5107.28930995475,-175353.762719846,-271.9609375,0,0,0,0,0,0,0,0,0,0,0,0
3.36362,0,0,0,-649.28992,0,0,0,0,73.55078125,-752.969457013575,-45587.9793616019,-73.55078125,246.6015625,-5737.41515837104,-142562.409143957,-246.6015625,0,0,0,0,0,0,0,0,0,0,0,0
3.36804,0,0,0,-636.30377,0,0,0,0,69.50390625,-915.58257918552,-36790.2991339244,-69.50390625,218.42578125,-6374.61114253394,-144161.987367171,-218.42578125,0,0,0,0,0,0,0,0,0,0,0,0
3.37246,0,0,0,-616.23755,0,0,0,0,64.2109375,-1197.50424208145,-63783.1816506624,-64.2109375,188.16796875,-6845.65893665158,-106571.89912164,-188.16796875,0,0,0,0,0,0,0,0,0,0,0,0
3.37688,0,0,0,-589.31464,0,0,0,0,57.953125,-1415.79468325792,-49386.9776417354,-57.953125,156.1015625,-7254.84304298642,-92575.5896685161,-156.1015625,0,0,0,0,0,0,0,0,0,0,0,0
3.3813,0,0,0,-555.83459,0,0,0,0,50.15234375,-1764.88263574661,-78979.1747711963,-50.15234375,122.734375,-7549.13744343891,-66582.4435412871,-122.734375,0,0,0,0,0,0,0,0,0,0,0,0
3.38572,0,0,0,-516.16992,0,0,0,0,40.76953125,-2122.80825791855,-80978.647550214,-40.76953125,88.37109375,-7774.49802036199,-50986.5558649496,-88.37109375,0,0,0,0,0,0,0,0,0,0,0,0
3.39014,0,0,0,-470.7619,0,0,0,0,29.8359375,-2473.66374434389,-79379.0693269998,-29.8359375,53.87890625,-7803.66233031674,-6598.26017075813,-53.87890625,0,0,0,0,0,0,0,0,0,0,0,0
3.39456,0,0,0,-420.11584,0,0,0,0,17.3046875,-2835.12443438914,-81778.4366618209,-17.3046875,18.97265625,-7897.34162895928,-21194.4114575868,-18.97265625,0,0,0,0,0,0,0,0,0,0,0,0
3.39898,0,0,0,-364.79529,0,0,0,0,3.328125,-3162.11821266968,-73980.4928236523,-3.328125,-15.59765625,-7821.33766968326,17195.4658995515,15.59765625,0,0,0,0,0,0,0,0,0,0,0,0
3.4034,0,0,0,-305.41574,0,0,0,0,-11.171875,-3280.54298642534,-26792.9352388362,11.171875,-49.16796875,-7595.09332579186,51186.5031428512,49.16796875,0,0,0,0,0,0,0,0,0,0,0,0
3.40782,0,0,0,-242.63789,0,0,0,0,-26.59375,-3489.11199095023,-47187.557584816,26.59375,-81.81640625,-7386.52432126697,47187.5575848162,81.81640625,0,0,0,0,0,0,0,0,0,0,0,0
3.41224,0,0,0,-177.16029,0,0,0,0,-42.3984375,-3575.72115384615,-19594.8332343728,42.3984375,-113.2734375,-7116.9753959276,60983.9197600376,113.2734375,0,0,0,0,0,0,0,0,0,0,0,0
3.41666,0,0,0,-109.71146,0,0,0,0,-58.21484375,-3578.37245475113,-599.841833705256,58.21484375,-143.41015625,-6818.26216063348,67582.1799307959,143.41015625,0,0,0,0,0,0,0,0,0,0,0,0
3.42108,0,0,0,-41.041901,0,0,0,0,-73.73046875,-3510.32239819005,15395.9403984357,73.73046875,-171.54296875,-6364.88970588235,102572.953563604,171.54296875,0,0,0,0,0,0,0,0,0,0,0,0
3.4255,0,0,0,28.084324,0,0,0,0,-88.60546875,-3365.38461538462,32791.3535758891,88.60546875,-197.796875,-5939.79779411765,96174.6406707478,197.796875,0,0,0,0,0,0,0,0,0,0,0,0
3.42992,0,0,0,96.898056,0,0,0,0,-102.46484375,-3135.60520361991,51986.2922544583,102.46484375,-221.92578125,-5459.02856334842,108771.319178559,221.92578125,0,0,0,0,0,0,0,0,0,0,0,0
3.43434,0,0,0,164.63364,0,0,0,0,-114.8828125,-2809.49519230769,73780.5455457506,114.8828125,-243.7421875,-4935.83851809955,118368.788517843,243.7421875,0,0,0,0,0,0,0,0,0,0,0,0
3.43876,0,0,0,230.53737,0,0,0,0,-125.80078125,-2470.12867647059,76779.7547142769,125.80078125,-263.046875,-4367.57635746606,128566.099690834,263.046875,0,0,0,0,0,0,0,0,0,0,0,0
3.44318,0,0,0,293.87598,0,0,0,0,-134.1171875,-1881.53987556561,133164.887082574,134.1171875,-279.7265625,-3773.68495475113,134364.570749985,279.7265625,0,0,0,0,0,0,0,0,0,0,0,0
3.4476,0,0,0,353.9447,0,0,0,0,-139.609375,-1242.57635746606,144561.881922975,139.609375,-293.5546875,-3128.5350678733,145961.512868287,293.5546875,0,0,0,0,0,0,0,0,0,0,0,0
3.45202,0,0,0,410.07516,0,0,0,0,-142.5078125,-655.755090497737,132764.992526771,142.5078125,-304.76171875,-2535.5274321267,134164.623472083,304.76171875,0,0,0,0,0,0,0,0,0,0,0,0
3.45644,0,0,0,461.64282,0,0,0,0,-143,-111.35463800905,123167.523187486,143,-313.015625,-1867.3996040724,151160.142093733,313.015625,0,0,0,0,0,0,0,0,0,0,0,0
3.46086,0,0,0,508.07391,0,0,0,0,-140.16015625,642.498585972851,170555.028050204,140.16015625,-318.40234375,-1218.71464932127,146761.301979894,318.40234375,0,0,0,0,0,0,0,0,0,0,0,0
3.46528,0,0,0,548.85175,0,0,0,0,-134.890625,1192.20164027149,124367.206854896,134.890625,-321,-587.705033936651,142762.356421859,321,0,0,0,0,0,0,0,0,0,0,0,0
3.4697,0,0,0,583.52271,0,0,0,0,-127.42578125,1688.87867647059,112370.370180791,127.42578125,-321,0,132964.939804672,321,0,0,0,0,0,0,0,0,0,0,0,0
3.47412,0,0,0,611.70093,0,0,0,0,-118.71484375,1970.80033936652,63783.1816506624,118.71484375,-317.20703125,858.137726244344,194148.806842612,317.20703125,0,0,0,0,0,0,0,0,0,0,0,0
3.47854,0,0,0,633.07288,0,0,0,0,-108.1328125,2394.12471719457,95774.7461149444,108.1328125,-309.55859375,1730.4157239819,197347.96328904,309.55859375,0,0,0,0,0,0,0,0,0,0,0,0
3.48296,0,0,0,647.40082,0,0,0,0,-96.53125,2624.7878959276,52186.2395323601,96.53125,-298.8984375,2411.80005656109,154159.351262259,298.8984375,0,0,0,0,0,0,0,0,0,0,0,0
3.48738,0,0,0,654.52527,0,0,0,0,-83.28125,2997.73755656109,84377.7512745439,83.28125,-285.41015625,3051.64734162896,144761.829200876,285.41015625,0,0,0,0,0,0,0,0,0,0,0,0
3.4918,0,0,0,654.367,0,0,0,0,-68.6796875,3303.52092760181,69181.7581540099,68.6796875,-269.25,3656.1439479638,136763.938084806,269.25,0,0,0,0,0,0,0,0,0,0,0,0
3.49622,0,0,0,646.92773,0,0,0,0,-53.61328125,3408.68919683258,23793.7260703097,53.61328125,-250.453125,4252.68665158371,134964.41258369,250.453125,0,0,0,0,0,0,0,0,0,0,0,0
3.50064,0,0,0,632.29028,0,0,0,0,-37.61328125,3619.90950226244,47787.3994185213,37.61328125,-228.92578125,4870.43976244344,139763.147253332,228.92578125,0,0,0,0,0,0,0,0,0,0,0,0
3.50506,0,0,0,610.61749,0,0,0,0,-21.2265625,3707.4024321267,19794.7805122745,21.2265625,-204.8515625,5446.65582579186,130365.625191949,204.8515625,0,0,0,0,0,0,0,0,0,0,0,0
3.50948,0,0,0,582.15051,0,0,0,0,-4.37109375,3813.45446832579,23993.6733482115,4.37109375,-178.3203125,6002.54524886878,125766.837800209,178.3203125,0,0,0,0,0,0,0,0,0,0,0,0
3.5139,0,0,0,547.20605,0,0,0,0,12.0234375,3709.16996606335,-23593.778792408,-12.0234375,-149.34375,6555.78337104072,125166.995966503,149.34375,0,0,0,0,0,0,0,0,0,0,0,0
3.51832,0,0,0,506.173,0,0,0,0,28.1796875,3655.26018099547,-12196.7839520075,-28.1796875,-118.33203125,7016.22596153846,104172.531786819,118.33203125,0,0,0,0,0,0,0,0,0,0,0,0
3.52274,0,0,0,459.5079,0,0,0,0,43.84765625,3544.78930995475,-24993.4097377204,-43.84765625,-85.43359375,7443.08540723982,96574.5352265515,85.43359375,0,0,0,0,0,0,0,0,0,0,0,0
3.52716,0,0,0,407.72995,0,0,0,0,57.79296875,3155.04807692308,-88176.7495546774,-57.79296875,-51.00390625,7789.52205882353,78379.332937491,51.00390625,0,0,0,0,0,0,0,0,0,0,0,0
3.53158,0,0,0,351.41528,0,0,0,0,70.9140625,2968.57324660633,-42188.875637272,-70.9140625,-15.5390625,8023.72030542986,52986.0286439671,15.5390625,0,0,0,0,0,0,0,0,0,0,0,0
3.536,0,0,0,291.19052,0,0,0,0,82.34375,2585.90214932127,-86577.1713314633,-82.34375,20.859375,8234.94061085973,47787.3994185215,-20.859375,0,0,0,0,0,0,0,0,0,0,0,0
3.54042,0,0,0,227.72575,0,0,0,0,92.04296875,2194.39338235294,-88576.6441104809,-92.04296875,57.3515625,8256.15101809955,4798.73466964205,-57.3515625,0,0,0,0,0,0,0,0,0,0,0,0
3.54484,0,0,0,161.72714,0,0,0,0,99.7578125,1745.43976244344,-101573.217174095,-99.7578125,93.89453125,8267.63998868778,2599.31461272309,-93.89453125,0,0,0,0,0,0,0,0,0,0,0,0
3.54926,0,0,0,93.929024,0,0,0,0,104.953125,1175.4100678733,-128965.994246637,-104.953125,129.91015625,8148.3314479638,-26992.8825167381,-129.91015625,0,0,0,0,0,0,0,0,0,0,0,0
3.55368,0,0,0,25.085781,0,0,0,0,107.99609375,688.454468325792,-110170.950123871,-107.99609375,164.99609375,7937.99490950226,-47587.4521406195,-164.99609375,0,0,0,0,0,0,0,0,0,0,0,0
3.5581,0,0,0,-44.036583,0,0,0,0,108.99609375,226.244343891403,-104572.426342622,-108.99609375,198.19921875,7512.01923076923,-96374.5879486497,-198.19921875,0,0,0,0,0,0,0,0,0,0,0,0
3.56252,0,0,0,-112.66897,0,0,0,0,108.99609375,0,-51186.5031428513,-108.99609375,229.55078125,7093.1136877828,-94775.0097254357,-229.55078125,0,0,0,0,0,0,0,0,0,0,0,0
3.56694,0,0,0,-180.0477,0,0,0,0,106.62890625,-535.56278280543,-121168.050408468,-106.62890625,258.28125,6500.1060520362,-134164.623472083,-258.28125,0,0,0,0,0,0,0,0,0,0,0,0
3.57136,0,0,0,-245.4231,0,0,0,0,103.671875,-669.011595022624,-30192.0389631662,-103.671875,283.84765625,5784.25480769231,-161957.295100428,-283.84765625,0,0,0,0,0,0,0,0,0,0,0,0
3.57578,0,0,0,-308.06775,0,0,0,0,100.5390625,-708.781108597285,-8997.62750557931,-100.5390625,305.72265625,4949.09502262443,-188950.177617166,-305.72265625,0,0,0,0,0,0,0,0,0,0,0,0
3.5802,0,0,0,-367.28458,0,0,0,0,96.81640625,-842.22992081448,-30192.0389631662,-96.81640625,323.70703125,4068.86312217195,-199147.488790156,-323.70703125,0,0,0,0,0,0,0,0,0,0,0,0
3.58462,0,0,0,-422.41473,0,0,0,0,93.546875,-739.712952488688,23193.8842366045,-93.546875,337.2734375,3069.32268099547,-226140.371306894,-337.2734375,0,0,0,0,0,0,0,0,0,0,0,0
3.58904,0,0,0,-472.84479,0,0,0,0,90.33203125,-727.340214932127,2799.26189062468,-90.33203125,346.35546875,2054.75820135747,-229539.475031224,-346.35546875,0,0,0,0,0,0,0,0,0,0,0,0
3.59346,0,0,0,-518.01361,0,0,0,0,87.90234375,-549.703054298643,40189.4028582543,-87.90234375,350.78125,1001.30797511312,-238337.155258901,-350.78125,0,0,0,0,0,0,0,0,0,0,0,0
3.59788,0,0,0,-557.41864,0,0,0,0,86,-430.394513574661,26992.882516738,-86,350.99609375,48.6071832579186,-215543.1655781,-350.99609375,0,0,0,0,0,0,0,0,0,0,0,0
3.6023,0,0,0,-590.6214,0,0,0,0,84.99609375,-227.128110859728,45987.8739174055,-84.99609375,347.1484375,-870.510463800905,-207945.169017833,-347.1484375,0,0,0,0,0,0,0,0,0,0,0,0
3.60672,0,0,0,-617.25244,0,0,0,0,83.5625,-324.342477375566,-21994.2005691939,-83.5625,337.6171875,-2156.39140271493,-290923.289347065,-337.6171875,0,0,0,0,0,0,0,0,0,0,0,0
3.61114,0,0,0,-637.0155,0,0,0,0,82.3671875,-270.432692307692,12196.7839520075,-82.3671875,324,-3080.81165158371,-209144.852685244,-324,0,0,0,0,0,0,0,0,0,0,0,0
3.61556,0,0,0,-649.69061,0,0,0,0,80.6484375,-388.857466063348,-26792.9352388362,-80.6484375,306.72265625,-3908.90130090498,-187350.599393952,-306.72265625,0,0,0,0,0,0,0,0,0,0,0,0
3.61998,0,0,0,-655.13684,0,0,0,0,78.5,-486.071832579185,-21994.2005691939,-78.5,286.14453125,-4655.68438914027,-168955.44982699,-286.14453125,0,0,0,0,0,0,0,0,0,0,0,0
3.6244,0,0,0,-653.29346,0,0,0,0,75.609375,-653.987556561086,-37989.982801335,-75.609375,262.2734375,-5400.69994343891,-168555.555271186,-262.2734375,0,0,0,0,0,0,0,0,0,0,0,0
3.62882,0,0,0,-644.18109,0,0,0,0,72.0078125,-814.83314479638,-36390.4045781208,-72.0078125,235.48828125,-6059.99010180995,-149160.669314715,-235.48828125,0,0,0,0,0,0,0,0,0,0,0,0
3.63324,0,0,0,-627.90106,0,0,0,0,67.33984375,-1056.10152714932,-54585.6068671812,-67.33984375,206.37109375,-6587.59898190045,-119368.524907352,-206.37109375,0,0,0,0,0,0,0,0,0,0,0,0
3.63766,0,0,0,-604.63452,0,0,0,0,61.84765625,-1242.57635746606,-42188.875637272,-61.84765625,175.09765625,-7075.43834841629,-110370.897401773,-175.09765625,0,0,0,0,0,0,0,0,0,0,0,0
3.64208,0,0,0,-574.64038,0,0,0,0,54.73828125,-1608.45588235294,-82778.1730513298,-54.73828125,142.3828125,-7401.54835972851,-73780.5455457506,-142.3828125,0,0,0,0,0,0,0,0,0,0,0,0
3.6465,0,0,0,-538.25238,0,0,0,0,46.20703125,-1930.14705882353,-72780.8091562417,-46.20703125,108.34765625,-7700.26159502262,-67582.1799307957,-108.34765625,0,0,0,0,0,0,0,0,0,0,0,0
3.65092,0,0,0,-495.87534,0,0,0,0,36.3046875,-2240.34926470588,-70181.4945435187,-36.3046875,73.76171875,-7824.87273755656,-28192.5661841486,-73.76171875,0,0,0,0,0,0,0,0,0,0,0,0
3.65534,0,0,0,-447.9808,0,0,0,0,24.3203125,-2711.39705882353,-106571.89912164,-24.3203125,38.84765625,-7899.10916289593,-16795.571343748,-38.84765625,0,0,0,0,0,0,0,0,0,0,0,0
3.65976,0,0,0,-395.10175,0,0,0,0,11.14453125,-2980.9459841629,-60983.9197600377,-11.14453125,4,-7884.08512443439,3399.10372432989,-4,0,0,0,0,0,0,0,0,0,0,0,0
3.66418,0,0,0,-337.82645,0,0,0,0,-2.8046875,-3155.9318438914,-39589.561024549,2.8046875,-30.24609375,-7747.98501131222,30791.8807968715,30.24609375,0,0,0,0,0,0,0,0,0,0,0,0
3.6686,0,0,0,-276.79227,0,0,0,0,-18,-3437.85350678733,-63783.1816506623,18,-63.87109375,-7607.46606334842,31791.6171863803,63.87109375,0,0,0,0,0,0,0,0,0,0,0,0
3.67302,0,0,0,-212.67828,0,0,0,0,-33.6328125,-3536.83540723982,-22394.0951249975,33.6328125,-96.08984375,-7289.30995475113,71981.0200446345,96.08984375,0,0,0,0,0,0,0,0,0,0,0,0
3.67744,0,0,0,-146.19788,0,0,0,0,-49.44921875,-3578.37245475113,-9397.52206138286,49.44921875,-127.10546875,-7017.10972850679,61583.761593743,127.10546875,0,0,0,0,0,0,0,0,0,0,0,0
3.68186,0,0,0,-78.090767,0,0,0,0,-65.07421875,-3535.06787330317,9797.41661718637,65.07421875,-156.39453125,-6626.48472850679,88376.6968325792,156.39453125,0,0,0,0,0,0,0,0,0,0,0,0
3.68628,0,0,0,-9.1147537,0,0,0,0,-80.23828125,-3430.78337104072,23593.7787924081,80.23828125,-184,-6245.58116515837,86177.2767756598,184,0,0,0,0,0,0,0,0,0,0,0,0
3.6907,0,0,0,59.962673,0,0,0,0,-94.65234375,-3261.10011312217,38389.8773571384,94.65234375,-209.28125,-5719.73981900452,118968.630351549,209.28125,0,0,0,0,0,0,0,0,0,0,0,0
3.69512,0,0,0,128.37291,0,0,0,0,-108.0078125,-3021.59926470588,54185.7123113778,108.0078125,-232.515625,-5256.64592760181,104772.373620524,232.515625,0,0,0,0,0,0,0,0,0,0,0,0
3.69954,0,0,0,195.35478,0,0,0,0,-119.78515625,-2664.55740950226,80778.7002723122,119.78515625,-253.27734375,-4697.22143665158,126566.626911816,253.27734375,0,0,0,0,0,0,0,0,0,0,0,0
3.70396,0,0,0,260.16296,0,0,0,0,-129.4140625,-2178.48557692308,109971.00284597,129.4140625,-271.53515625,-4130.72680995475,128166.20513503,271.53515625,0,0,0,0,0,0,0,0,0,0,0,0
3.70838,0,0,0,322.07642,0,0,0,0,-136.53125,-1610.22341628959,128566.099690833,136.53125,-287.01171875,-3501.48472850679,142362.461866055,287.01171875,0,0,0,0,0,0,0,0,0,0,0,0
3.7128,0,0,0,380.40619,0,0,0,0,-141,-1011.02941176471,135564.254417395,141,-299.765625,-2885.49915158371,139363.252697529,299.765625,0,0,0,0,0,0,0,0,0,0,0,0
3.71722,0,0,0,434.50327,0,0,0,0,-142.44921875,-327.877545248869,154559.245818063,142.44921875,-309.7421875,-2257.14083710407,142162.514588153,309.7421875,0,0,0,0,0,0,0,0,0,0,0,0
3.72164,0,0,0,483.76575,0,0,0,0,-143,-124.611142533937,45987.8739174055,143,-316.7734375,-1590.78054298643,150760.247537929,316.7734375,0,0,0,0,0,0,0,0,0,0,0,0
3.72606,0,0,0,527.64545,0,0,0,0,-137.84375,1166.57239819005,292122.973014475,137.84375,-320.86328125,-925.304015837104,150560.300260027,320.86328125,0,0,0,0,0,0,0,0,0,0,0,0
3.73048,0,0,0,565.65424,0,0,0,0,-131.41015625,1455.56419683258,65382.7598738765,131.41015625,-322,-257.176187782805,151160.142093733,322,0,0,0,0,0,0,0,0,0,0,0,0
3.7349,0,0,0,597.36908,0,0,0,0,-123.38671875,1815.25735294118,81378.5421060175,123.38671875,-320.5,339.366515837104,134964.41258369,320.5,0,0,0,0,0,0,0,0,0,0,0,0
3.73932,0,0,0,622.43713,0,0,0,0,-113.99609375,2124.5757918552,69981.547265617,113.99609375,-314.64453125,1324.76668552036,222941.214860466,314.64453125,0,0,0,0,0,0,0,0,0,0,0,0
3.74374,0,0,0,640.57953,0,0,0,0,-103.00390625,2486.92024886878,81978.3839397227,103.00390625,-305.59765625,2046.80429864253,163356.92604574,305.59765625,0,0,0,0,0,0,0,0,0,0,0,0
3.74816,0,0,0,651.59436,0,0,0,0,-90.671875,2790.05231900452,68581.9163203047,90.671875,-293.43359375,2752.05033936652,159557.927765607,293.43359375,0,0,0,0,0,0,0,0,0,0,0,0
3.75258,0,0,0,655.35901,0,0,0,0,-76.74609375,3150.62924208145,81578.4893839193,76.74609375,-278.63671875,3347.7092760181,134764.465305788,278.63671875,0,0,0,0,0,0,0,0,0,0,0,0
3.757,0,0,0,651.83173,0,0,0,0,-62.33203125,3261.10011312217,24993.4097377204,62.33203125,-261.1796875,3949.55458144796,136164.0962511,261.1796875,0,0,0,0,0,0,0,0,0,0,0,0
3.76142,0,0,0,641.05157,0,0,0,0,-46.7890625,3516.50876696833,57784.7633136095,46.7890625,-241.18359375,4524.00311085973,129965.730636146,241.18359375,0,0,0,0,0,0,0,0,0,0,0,0
3.76584,0,0,0,623.13867,0,0,0,0,-30.71484375,3636.70107466063,27192.8297946397,30.71484375,-218.3359375,5169.15299773756,145961.512868287,218.3359375,0,0,0,0,0,0,0,0,0,0,0,0
3.77026,0,0,0,598.29224,0,0,0,0,-14.26953125,3720.65893665158,18994.9914006675,14.26953125,-193.11328125,5706.48331447964,121567.944964272,193.11328125,0,0,0,0,0,0,0,0,0,0,0,0
3.77468,0,0,0,566.78876,0,0,0,0,2.38671875,3768.38235294118,10797.1530066951,-2.38671875,-165.21484375,6311.8636877828,136963.885362708,165.21484375,0,0,0,0,0,0,0,0,0,0,0,0
3.7791,0,0,0,528.97876,0,0,0,0,18.81640625,3717.12386877828,-11596.9421183022,-18.81640625,-135.109375,6811.19202488688,112970.212014496,135.109375,0,0,0,0,0,0,0,0,0,0,0,0
3.78352,0,0,0,485.28293,0,0,0,0,34.68359375,3589.86142533937,-28792.4080178539,-34.68359375,-103.140625,7232.74886877828,95374.8515591408,103.140625,0,0,0,0,0,0,0,0,0,0,0,0
3.78794,0,0,0,436.1875,0,0,0,0,49.54296875,3361.84954751131,-51586.3976986548,-49.54296875,-69.6328125,7580.95305429864,78779.2274932947,69.6328125,0,0,0,0,0,0,0,0,0,0,0,0
3.79236,0,0,0,382.23871,0,0,0,0,63.234375,3097.6032239819,-59784.2360926271,-63.234375,-34.73828125,7894.6903280543,70981.2836551258,34.73828125,0,0,0,0,0,0,0,0,0,0,0,0
3.79678,0,0,0,324.03687,0,0,0,0,75.79296875,2841.31080316742,-57984.7105915112,-75.79296875,1.15234375,8120.05090497737,50986.5558649494,-1.15234375,0,0,0,0,0,0,0,0,0,0,0,0
3.8012,0,0,0,262.22952,0,0,0,0,86.15625,2344.63376696833,-112370.370180791,-86.15625,37.5625,8237.5919117647,26592.9879609344,-37.5625,0,0,0,0,0,0,0,0,0,0,0,0
3.80562,0,0,0,197.50441,0,0,0,0,94.77734375,1950.47369909502,-89176.4859441862,-94.77734375,74.20703125,8290.61792986425,11996.836674106,-74.20703125,0,0,0,0,0,0,0,0,0,0,0,0
3.81004,0,0,0,130.58173,0,0,0,0,101.1015625,1430.81872171946,-117568.999406237,-101.1015625,110.390625,8186.33342760181,-23593.778792408,-110.390625,0,0,0,0,0,0,0,0,0,0,0,0
3.81446,0,0,0,62.206097,0,0,0,0,105.14453125,914.698812217194,-116769.21029463,-105.14453125,145.9609375,8047.58201357466,-31391.7226305768,-145.9609375,0,0,0,0,0,0,0,0,0,0,0,0
3.81888,0,0,0,-6.8616905,0,0,0,0,106.99609375,418.905542986425,-112170.422902889,-106.99609375,180.296875,7768.31165158371,-63183.339816957,-180.296875,0,0,0,0,0,0,0,0,0,0,0,0
3.8233,0,0,0,-75.853127,0,0,0,0,106.99609375,0,-94775.0097254356,-106.99609375,212.65234375,7320.24179864253,-101373.269896194,-212.65234375,0,0,0,0,0,0,0,0,0,0,0,0
3.82772,0,0,0,-144.00056,0,0,0,0,106.99609375,0,0,-106.99609375,242.546875,6763.46860859728,-125966.785078111,-242.546875,0,0,0,0,0,0,0,0,0,0,0,0
3.83214,0,0,0,-210.54575,0,0,0,0,103.77734375,-728.223981900452,-164756.556991053,-103.77734375,269.66015625,6134.22652714932,-142362.461866055,-269.66015625,0,0,0,0,0,0,0,0,0,0,0,0
3.83656,0,0,0,-274.74823,0,0,0,0,100.78125,-677.849264705882,11396.9948404005,-100.78125,293.39453125,5369.76809954751,-172954.395385025,-293.39453125,0,0,0,0,0,0,0,0,0,0,0,0
3.84098,0,0,0,-335.89368,0,0,0,0,97.30859375,-785.668834841629,-24393.5679040151,-97.30859375,313.296875,4502.79270361991,-196148.279621629,-313.296875,0,0,0,0,0,0,0,0,0,0,0,0
3.8454,0,0,0,-393.3017,0,0,0,0,93.8515625,-782.133766968326,799.78911160706,-93.8515625,329.046875,3563.34841628959,-212543.956409574,-329.046875,0,0,0,0,0,0,0,0,0,0,0,0
3.84982,0,0,0,-446.33356,0,0,0,0,90.546875,-747.66685520362,7797.94383816875,-90.546875,340.54296875,2600.92618778281,-217742.58563502,-340.54296875,0,0,0,0,0,0,0,0,0,0,0,0
3.85424,0,0,0,-494.39917,0,0,0,0,87.8984375,-599.194004524887,33591.1426874962,-87.8984375,347.1640625,1497.98501131222,-249534.2028214,-347.1640625,0,0,0,0,0,0,0,0,0,0,0,0
3.85866,0,0,0,-536.96375,0,0,0,0,85.94140625,-442.767251131222,35390.668188612,-85.94140625,349.64453125,561.192024886878,-211944.114575869,-349.64453125,0,0,0,0,0,0,0,0,0,0,0,0
3.86308,0,0,0,-573.55365,0,0,0,0,84.6015625,-303.132070135747,31591.6699084785,-84.6015625,348.5,-258.943721719457,-185551.073892836,-348.5,0,0,0,0,0,0,0,0,0,0,0,0
3.8675,0,0,0,-603.76178,0,0,0,0,83.25,-305.783371040724,-599.841833705295,-83.25,341.29296875,-1630.55005656109,-310318.175303536,-341.29296875,0,0,0,0,0,0,0,0,0,0,0,0
3.87192,0,0,0,-627.25195,0,0,0,0,82.25,-226.244343891403,17995.2550111587,-82.25,329.61328125,-2642.46323529412,-228939.633197518,-329.61328125,0,0,0,0,0,0,0,0,0,0,0,0
3.87634,0,0,0,-643.76288,0,0,0,0,80.8125,-325.226244343891,-22394.0951249974,-80.8125,314.16796875,-3494.41459276018,-192749.175897299,-314.16796875,0,0,0,0,0,0,0,0,0,0,0,0
3.88076,0,0,0,-653.11084,0,0,0,0,78.96484375,-418.0217760181,-20994.4641796851,-78.96484375,295.19140625,-4293.3399321267,-180752.339223194,-295.19140625,0,0,0,0,0,0,0,0,0,0,0,0
3.88518,0,0,0,-655.19177,0,0,0,0,76.796875,-490.490667420814,-16395.6767879446,-76.796875,272.97265625,-5026.8665158371,-165956.240658463,-272.97265625,0,0,0,0,0,0,0,0,0,0,0,0
3.8896,0,0,0,-649.98254,0,0,0,0,73.59765625,-723.805147058823,-52786.0813660654,-73.59765625,247.84375,-5685.27290723982,-148960.722036813,-247.84375,0,0,0,0,0,0,0,0,0,0,0,0
3.89402,0,0,0,-637.54114,0,0,0,0,69.6953125,-882.883201357466,-35990.5100223173,-69.6953125,220.03125,-6292.42081447964,-137363.779918511,-220.03125,0,0,0,0,0,0,0,0,0,0,0,0
3.89844,0,0,0,-618.00598,0,0,0,0,64.60546875,-1151.54835972851,-60783.9724821359,-64.60546875,190.1171875,-6767.88744343891,-107571.635511148,-190.1171875,0,0,0,0,0,0,0,0,0,0,0,0
3.90286,0,0,0,-591.59436,0,0,0,0,58.44140625,-1394.5842760181,-54985.5014229848,-58.44140625,158.21875,-7216.84106334842,-101573.217174095,-158.21875,0,0,0,0,0,0,0,0,0,0,0,0
3.90728,0,0,0,-558.60028,0,0,0,0,50.84375,-1718.92675339366,-73380.6509899469,-50.84375,124.875,-7543.83484162896,-73980.4928236524,-124.875,0,0,0,0,0,0,0,0,0,0,0,0
3.9117,0,0,0,-519.39081,0,0,0,0,41.72265625,-2063.59587104072,-77979.4383816875,-41.72265625,90.71484375,-7728.54213800905,-41788.9810814684,-90.71484375,0,0,0,0,0,0,0,0,0,0,0,0
3.91612,0,0,0,-474.40216,0,0,0,0,30.80078125,-2471.01244343891,-92175.6951127127,-30.80078125,56,-7854.03704751131,-28392.5134620502,-56,0,0,0,0,0,0,0,0,0,0,0,0
3.92054,0,0,0,-424.13495,0,0,0,0,18.49609375,-2783.86595022624,-70781.336377224,-18.49609375,21.55078125,-7793.94089366516,13596.4148973198,-21.55078125,0,0,0,0,0,0,0,0,0,0,0,0
3.92496,0,0,0,-369.14853,0,0,0,0,5.0859375,-3033.97200226244,-56585.0796461989,-5.0859375,-12.89453125,-7793.05712669683,199.947277901855,12.89453125,0,0,0,0,0,0,0,0,0,0,0,0
3.92938,0,0,0,-310.05469,0,0,0,0,-9.72265625,-3350.36057692308,-71581.1254888311,9.72265625,-46.515625,-7606.58229638009,42188.8756372719,46.515625,0,0,0,0,0,0,0,0,0,0,0,0
3.9338,0,0,0,-247.51091,0,0,0,0,-24.953125,-3445.80740950226,-21594.3060133904,24.953125,-79.25390625,-7406.85096153846,45188.0848057985,79.25390625,0,0,0,0,0,0,0,0,0,0,0,0
3.93822,0,0,0,-182.21317,0,0,0,0,-40.68359375,-3558.92958144796,-25593.2515714257,40.68359375,-110.53515625,-7077.20588235294,74580.3346573576,110.53515625,0,0,0,0,0,0,0,0,0,0,0,0
3.94264,0,0,0,-114.88798,0,0,0,0,-56.50390625,-3579.25622171946,-4598.78739174051,56.50390625,-140.51953125,-6783.79524886878,66382.4962633852,140.51953125,0,0,0,0,0,0,0,0,0,0,0,0
3.94706,0,0,0,-46.284458,0,0,0,0,-72,-3505.90356334842,16595.6240658464,72,-168.80859375,-6400.24038461538,86777.1186093652,168.80859375,0,0,0,0,0,0,0,0,0,0,0,0
3.95148,0,0,0,22.834057,0,0,0,0,-86.875,-3365.38461538462,31791.6171863802,86.875,-195.03125,-5932.72765837104,105772.110010033,195.03125,0,0,0,0,0,0,0,0,0,0,0,0
3.9559,0,0,0,91.698502,0,0,0,0,-101,-3195.70135746606,38389.8773571385,101,-219.171875,-5461.67986425339,106571.89912164,219.171875,0,0,0,0,0,0,0,0,0,0,0,0
3.96032,0,0,0,159.54265,0,0,0,0,-113.55859375,-2841.31080316742,80178.8584386069,113.55859375,-240.9921875,-4936.72228506787,118768.683073647,240.9921875,0,0,0,0,0,0,0,0,0,0,0,0
3.96474,0,0,0,225.61159,0,0,0,0,-124.1328125,-2392.35718325792,101573.217174096,124.1328125,-260.26171875,-4359.62245475113,130565.572469851,260.26171875,0,0,0,0,0,0,0,0,0,0,0,0
3.96916,0,0,0,289.17023,0,0,0,0,-132.33984375,-1856.79440045249,121168.050408468,132.33984375,-276.921875,-3769.2661199095,133564.781638378,276.921875,0,0,0,0,0,0,0,0,0,0,0,0
3.97358,0,0,0,349.51132,0,0,0,0,-137.78515625,-1231.97115384615,141362.725476546,137.78515625,-290.83203125,-3147.09417420814,140762.883642841,290.83203125,0,0,0,0,0,0,0,0,0,0,0,0
3.978,0,0,0,405.9635,0,0,0,0,-140,-501.095871040724,165356.398824758,140,-302.31640625,-2598.27488687783,124167.259576995,302.31640625,0,0,0,0,0,0,0,0,0,0,0,0
3.98242,0,0,0,457.89862,0,0,0,0,-141,-226.244343891403,62183.6034274482,141,-310.84375,-1929.2632918552,151360.089371635,310.84375,0,0,0,0,0,0,0,0,0,0,0,0
3.98684,0,0,0,504.7388,0,0,0,0,-137.57421875,775.063631221719,226540.265862697,137.57421875,-316.34765625,-1245.22765837104,154759.193095964,316.34765625,0,0,0,0,0,0,0,0,0,0,0,0
3.99126,0,0,0,545.96289,0,0,0,0,-131.859375,1292.95107466063,117169.104850433,131.859375,-319,-600.077771493213,145961.512868287,319,0,0,0,0,0,0,0,0,0,0,0,0
3.99568,0,0,0,581.11218,0,0,0,0,-124.359375,1696.83257918552,91375.9060011056,124.359375,-319,0,135764.201695297,319,0,0,0,0,0,0,0,0,0,0,0,0
4.0001,0,0,0,609.79559,0,0,0,0,-115.8515625,1924.84445701357,51586.3976986548,115.8515625,-315.1640625,867.859162895928,196348.226899531,315.1640625,0,0,0,0,0,0,0,0,0,0,0,0
4.00452,0,0,0,631.69397,0,0,0,0,-105.73046875,2289.84021493213,82578.225773428,105.73046875,-307.4765625,1739.25339366516,197148.016011138,307.4765625,0,0,0,0,0,0,0,0,0,0,0,0
4.00894,0,0,0,646.56366,0,0,0,0,-94.140625,2622.13659502262,75180.1764910628,94.140625,-297.0859375,2350.82013574661,138363.51630802,297.0859375,0,0,0,0,0,0,0,0,0,0,0,0
4.01336,0,0,0,654.23914,0,0,0,0,-81.19921875,2927.91996606335,69181.7581540099,81.19921875,-283.39453125,3097.6032239819,168955.44982699,283.39453125,0,0,0,0,0,0,0,0,0,0,0,0
4.01778,0,0,0,654.63513,0,0,0,0,-67.234375,3159.46691176471,52386.1868102619,67.234375,-267.328125,3634.93354072398,121567.944964272,267.328125,0,0,0,0,0,0,0,0,0,0,0,0
4.0222,0,0,0,647.74707,0,0,0,0,-52.13671875,3415.75933257919,57984.7105915112,52.13671875,-248.83203125,4184.63659502262,124367.206854897,248.83203125,0,0,0,0,0,0,0,0,0,0,0,0
4.02662,0,0,0,633.65179,0,0,0,0,-36.62890625,3508.55486425339,20994.4641796851,36.62890625,-227.17578125,4899.60407239819,161757.347822526,227.17578125,0,0,0,0,0,0,0,0,0,0,0,0
4.03104,0,0,0,612.50598,0,0,0,0,-20.54296875,3639.35237556561,29592.1971294609,20.54296875,-203.1015625,5446.65582579186,123767.365021191,203.1015625,0,0,0,0,0,0,0,0,0,0,0,0
4.03546,0,0,0,584.54492,0,0,0,0,-4.09765625,3720.65893665158,18395.1495669622,4.09765625,-176.7890625,5953.05429864253,114569.79023771,176.7890625,0,0,0,0,0,0,0,0,0,0,0,0
4.03988,0,0,0,550.07983,0,0,0,0,12.0078125,3643.77121040724,-17395.4131774534,-12.0078125,-147.6796875,6585.8314479638,143162.250977662,147.6796875,0,0,0,0,0,0,0,0,0,0,0,0
4.0443,0,0,0,509.49414,0,0,0,0,27.99609375,3617.25820135747,-5998.41833705298,-27.99609375,-116.8203125,6981.75904977376,89576.3804999899,116.8203125,0,0,0,0,0,0,0,0,0,0,0,0
4.04872,0,0,0,463.23944,0,0,0,0,43.375,3479.39055429864,-31191.775352675,-43.375,-84.06640625,7410.38602941176,96974.4297823548,84.06640625,0,0,0,0,0,0,0,0,0,0,0,0
4.05314,0,0,0,411.83035,0,0,0,0,57.2890625,3147.97794117647,-74980.2292131611,-57.2890625,-50.01953125,7702.9128959276,66182.5489854836,50.01953125,0,0,0,0,0,0,0,0,0,0,0,0
4.05756,0,0,0,355.83896,0,0,0,0,70.26953125,2936.75763574661,-47787.3994185213,-70.26953125,-14.65234375,8001.62613122172,67582.1799307959,14.65234375,0,0,0,0,0,0,0,0,0,0,0,0
4.06198,0,0,0,295.88824,0,0,0,0,81.640625,2572.64564479638,-82378.2784955262,-81.640625,21.41015625,8158.93665158371,35590.6154665137,-21.41015625,0,0,0,0,0,0,0,0,0,0,0,0
4.0664,0,0,0,232.64522,0,0,0,0,91.625,2258.90837104072,-70981.2836551258,-91.625,57.83984375,8242.01074660633,18795.0441227657,-57.83984375,0,0,0,0,0,0,0,0,0,0,0,0
4.07082,0,0,0,166.81363,0,0,0,0,99.22265625,1718.92675339366,-122167.786797977,-99.22265625,94.1171875,8207.54383484163,-7797.94383816885,-94.1171875,0,0,0,0,0,0,0,0,0,0,0,0
4.07524,0,0,0,99.125946,0,0,0,0,104.6171875,1220.48218325792,-112770.264736594,-104.6171875,129.94140625,8105.02686651584,-23193.8842366045,-129.94140625,0,0,0,0,0,0,0,0,0,0,0,0
4.07966,0,0,0,30.335316,0,0,0,0,107.99609375,764.45842760181,-103172.79539731,-107.99609375,164.875,7903.52799773756,-45587.979361602,-164.875,0,0,0,0,0,0,0,0,0,0,0,0
4.08408,0,0,0,-38.792854,0,0,0,0,108.99609375,226.244343891403,-121767.892242174,-108.99609375,197.78515625,7445.7367081448,-103572.689953113,-197.78515625,0,0,0,0,0,0,0,0,0,0,0,0
4.0885,0,0,0,-107.48938,0,0,0,0,108.99609375,0,-51186.5031428513,-108.99609375,228.99609375,7061.29807692308,-86977.0658872668,-228.99609375,0,0,0,0,0,0,0,0,0,0,0,0
4.09292,0,0,0,-174.9899,0,0,0,0,107.5,-338.482748868778,-76579.8074363752,-107.5,257.2890625,6401.12415158371,-149360.616592617,-257.2890625,0,0,0,0,0,0,0,0,0,0,0,0
4.09734,0,0,0,-240.54335,0,0,0,0,105.21484375,-517.003676470588,-40389.3501361561,-105.21484375,282.65234375,5738.29892533937,-149960.458426322,-282.65234375,0,0,0,0,0,0,0,0,0,0,0,0
4.10176,0,0,0,-303.42035,0,0,0,0,101.98046875,-731.759049773756,-48587.1885301284,-101.98046875,304.48046875,4938.48981900452,-180952.286501095,-304.48046875,0,0,0,0,0,0,0,0,0,0,0,0
4.10618,0,0,0,-362.92123,0,0,0,0,98.46875,-794.506504524887,-14196.2567310252,-98.46875,322.3046875,4032.62867647059,-204945.959849307,-322.3046875,0,0,0,0,0,0,0,0,0,0,0,0
4.1106,0,0,0,-418.38403,0,0,0,0,95.0546875,-772.412330316742,4998.68194754409,-95.0546875,335.83203125,3060.48501131222,-219942.005691939,-335.83203125,0,0,0,0,0,0,0,0,0,0,0,0
4.11502,0,0,0,-469.19153,0,0,0,0,91.7578125,-745.899321266968,5998.41833705287,-91.7578125,344.99609375,2073.31730769231,-223341.109416269,-344.99609375,0,0,0,0,0,0,0,0,0,0,0,0
4.11944,0,0,0,-514.77844,0,0,0,0,88.98828125,-626.590780542986,26992.882516738,-88.98828125,349.546875,1029.58851809955,-236137.735201982,-349.546875,0,0,0,0,0,0,0,0,0,0,0,0
4.12386,0,0,0,-554.63757,0,0,0,0,86.81640625,-491.37443438914,30591.9335189697,-86.81640625,349.99609375,101.633201357466,-209944.641796851,-349.99609375,0,0,0,0,0,0,0,0,0,0,0,0
4.12828,0,0,0,-588.32544,0,0,0,0,85.33984375,-334.063914027149,35590.6154665138,-85.33984375,346.21484375,-855.486425339366,-216542.901967609,-346.21484375,0,0,0,0,0,0,0,0,0,0,0,0
4.1327,0,0,0,-615.46704,0,0,0,0,83.8046875,-347.320418552036,-2999.20916852645,-83.8046875,336.7421875,-2143.13489819005,-291323.183902868,-336.7421875,0,0,0,0,0,0,0,0,0,0,0,0
4.13712,0,0,0,-635.76056,0,0,0,0,82.33984375,-331.412613122172,3599.05100223173,-82.33984375,323.46484375,-3003.92392533937,-194748.648676317,-323.46484375,0,0,0,0,0,0,0,0,0,0,0,0
4.14154,0,0,0,-648.98016,0,0,0,0,80.4296875,-432.162047511312,-22793.989680801,-80.4296875,306.34765625,-3872.66685520362,-196548.174177433,-306.34765625,0,0,0,0,0,0,0,0,0,0,0,0
4.14596,0,0,0,-654.97864,0,0,0,0,78.15625,-514.352375565611,-18595.0968448639,-78.15625,285.953125,-4614.14734162896,-167755.766159579,-285.953125,0,0,0,0,0,0,0,0,0,0,0,0
4.15038,0,0,0,-653.68939,0,0,0,0,75.109375,-689.338235294118,-39589.561024549,-75.109375,262.265625,-5359.1628959276,-168555.555271186,-262.265625,0,0,0,0,0,0,0,0,0,0,0,0
4.1548,0,0,0,-645.12671,0,0,0,0,71.5078125,-814.83314479638,-28392.5134620503,-71.5078125,235.66796875,-6017.56928733032,-148960.722036813,-235.66796875,0,0,0,0,0,0,0,0,0,0,0,0
4.15922,0,0,0,-629.38586,0,0,0,0,66.8359375,-1056.98529411765,-54785.554145083,-66.8359375,206.6875,-6556.66713800905,-121967.839520075,-206.6875,0,0,0,0,0,0,0,0,0,0,0,0
4.16364,0,0,0,-606.64197,0,0,0,0,61.32421875,-1246.99519230769,-42988.664748879,-61.32421875,175.57421875,-7039.20390271493,-109171.213734362,-175.57421875,0,0,0,0,0,0,0,0,0,0,0,0
4.16806,0,0,0,-577.14813,0,0,0,0,54.125,-1628.78252262443,-86377.2240535616,-54.125,142.98046875,-7374.15158371041,-75780.0183247683,-142.98046875,0,0,0,0,0,0,0,0,0,0,0,0
4.17248,0,0,0,-541.23248,0,0,0,0,45.70703125,-1904.51781674208,-62383.55070535,-45.70703125,109.30078125,-7619.83880090498,-55585.34325669,-109.30078125,0,0,0,0,0,0,0,0,0,0,0,0
4.1769,0,0,0,-499.29471,0,0,0,0,35.29296875,-2356.12273755656,-102173.059007801,-35.29296875,74.64453125,-7840.78054298642,-49986.8194754407,-74.64453125,0,0,0,0,0,0,0,0,0,0,0,0
4.18132,0,0,0,-451.80139,0,0,0,0,23.59375,-2646.88207013575,-65782.65442968,-23.59375,39.75390625,-7893.80656108597,-11996.8366741057,-39.75390625,0,0,0,0,0,0,0,0,0,0,0,0
4.18574,0,0,0,-399.28101,0,0,0,0,10.34375,-2997.73755656109,-79379.0693269999,-10.34375,5.1953125,-7818.68636877828,16995.5186216499,-5.1953125,0,0,0,0,0,0,0,0,0,0,0,0
4.19016,0,0,0,-342.31793,0,0,0,0,-3.7421875,-3186.86368778281,-42788.7174709772,3.7421875,-29.265625,-7796.59219457013,4998.68194754411,29.265625,0,0,0,0,0,0,0,0,0,0,0,0
4.19458,0,0,0,-281.54593,0,0,0,0,-18.94921875,-3440.50480769231,-57384.868757806,18.94921875,-62.71484375,-7567.69654977375,51786.3449765566,62.71484375,0,0,0,0,0,0,0,0,0,0,0,0
4.199,0,0,0,-217.64127,0,0,0,0,-34.63671875,-3549.20814479638,-24593.5151819167,34.63671875,-95.22265625,-7354.70871040724,48187.2939743248,95.22265625,0,0,0,0,0,0,0,0,0,0,0,0
4.20342,0,0,0,-151.31496,0,0,0,0,-50.4921875,-3587.21012443439,-8597.73294977586,50.4921875,-126.15234375,-6997.66685520362,80778.7002723122,126.15234375,0,0,0,0,0,0,0,0,0,0,0,0
4.20784,0,0,0,-83.305008,0,0,0,0,-66.13671875,-3539.4867081448,10797.1530066952,66.13671875,-155.6796875,-6680.39451357466,71781.0727667328,155.6796875,0,0,0,0,0,0,0,0,0,0,0,0
4.21226,0,0,0,-14.368143,0,0,0,0,-81.45703125,-3466.13404977376,16595.6240658463,81.45703125,-183.4140625,-6274.74547511312,91775.8005569091,183.4140625,0,0,0,0,0,0,0,0,0,0,0,0
4.21668,0,0,0,54.728596,0,0,0,0,-95.9375,-3276.12415158371,42988.6647488791,95.9375,-208.93359375,-5773.6496040724,113370.1065703,208.93359375,0,0,0,0,0,0,0,0,0,0,0,0
4.2211,0,0,0,123.21638,0,0,0,0,-109.1875,-2997.73755656109,62983.3925390552,109.1875,-232.3125,-5289.34530542986,109571.108290166,232.3125,0,0,0,0,0,0,0,0,0,0,0,0
4.22552,0,0,0,190.33318,0,0,0,0,-120.83203125,-2634.50933257919,82178.3312176246,120.83203125,-253.30859375,-4750.24745475113,121967.839520075,253.30859375,0,0,0,0,0,0,0,0,0,0,0,0
4.22994,0,0,0,255.33217,0,0,0,0,-130.265625,-2134.29722850679,113170.159292398,130.265625,-271.8671875,-4198.77686651584,124767.1014107,271.8671875,0,0,0,0,0,0,0,0,0,0,0,0
4.23436,0,0,0,317.49014,0,0,0,0,-137.3828125,-1610.22341628959,118568.735795745,137.3828125,-287.65625,-3572.18608597285,141762.62003235,287.65625,0,0,0,0,0,0,0,0,0,0,0,0
4.23878,0,0,0,376.11551,0,0,0,0,-141.59375,-952.700791855204,148760.774758912,141.59375,-300.6328125,-2935.87386877828,143962.040089269,300.6328125,0,0,0,0,0,0,0,0,0,0,0,0
4.2432,0,0,0,430.55591,0,0,0,0,-143,-318.156108597285,143562.145533466,143,-310.8984375,-2322.53959276018,138763.410863823,310.8984375,0,0,0,0,0,0,0,0,0,0,0,0
4.24762,0,0,0,480.20563,0,0,0,0,-143,0,71981.0200446346,143,-318.1484375,-1640.27149321267,154359.298540161,318.1484375,0,0,0,0,0,0,0,0,0,0,0,0
4.25204,0,0,0,524.51221,0,0,0,0,-137.703125,1198.38800904977,271128.50883479,137.703125,-322.21875,-920.885180995475,162757.084212035,322.21875,0,0,0,0,0,0,0,0,0,0,0,0
4.25646,0,0,0,562.98267,0,0,0,0,-131.26953125,1455.56419683258,58184.657869413,131.26953125,-324,-402.997737556561,117169.104850433,324,0,0,0,0,0,0,0,0,0,0,0,0
4.26088,0,0,0,595.18896,0,0,0,0,-123.375,1786.09304298643,74780.2819352593,123.375,-322.5,339.366515837104,167955.713437481,322.5,0,0,0,0,0,0,0,0,0,0,0,0
4.2653,0,0,0,620.77277,0,0,0,0,-114.27734375,2058.29326923077,61583.761593743,114.27734375,-316.65234375,1322.99915158371,222541.320304662,316.65234375,0,0,0,0,0,0,0,0,0,0,0,0
4.26972,0,0,0,639.44934,0,0,0,0,-103.30859375,2481.61764705882,95774.7461149444,103.30859375,-307.44140625,2083.92251131222,172154.606273418,307.44140625,0,0,0,0,0,0,0,0,0,0,0,0
4.27414,0,0,0,651.01099,0,0,0,0,-91.15625,2749.39903846154,60584.0252042341,91.15625,-295.421875,2719.35096153846,143762.092811368,295.421875,0,0,0,0,0,0,0,0,0,0,0,0
4.27856,0,0,0,655.32892,0,0,0,0,-77.66796875,3051.64734162896,68381.9690424029,77.66796875,-280.70703125,3329.15016968326,137963.621752216,280.70703125,0,0,0,0,0,0,0,0,0,0,0,0
4.28298,0,0,0,652.35522,0,0,0,0,-63.109375,3293.79949095023,54785.554145083,63.109375,-263.05078125,3994.62669683258,150560.300260027,263.05078125,0,0,0,0,0,0,0,0,0,0,0,0
4.2874,0,0,0,642.12292,0,0,0,0,-47.765625,3471.43665158371,40189.4028582543,47.765625,-242.89453125,4560.23755656109,127966.257857128,242.89453125,0,0,0,0,0,0,0,0,0,0,0,0
4.29182,0,0,0,624.74585,0,0,0,0,-31.7421875,3625.2121040724,34790.8263549067,31.7421875,-219.9375,5193.89847285068,143362.198255564,219.9375,0,0,0,0,0,0,0,0,0,0,0,0
4.29624,0,0,0,600.41742,0,0,0,0,-15.28515625,3723.31023755656,22194.1478470957,15.28515625,-194.54296875,5745.36906108597,124767.1014107,194.54296875,0,0,0,0,0,0,0,0,0,0,0,0
4.30066,0,0,0,569.40826,0,0,0,0,1.20703125,3731.26414027149,1799.52550111587,-1.20703125,-166.62890625,6315.39875565611,128965.994246637,166.62890625,0,0,0,0,0,0,0,0,0,0,0,0
4.30508,0,0,0,532.06348,0,0,0,0,17.60546875,3710.05373303167,-4798.73466964236,-17.60546875,-136.54296875,6806.77319004525,111170.68651338,136.54296875,0,0,0,0,0,0,0,0,0,0,0,0
4.3095,0,0,0,488.79855,0,0,0,0,33.51171875,3598.69909502262,-25193.3570156221,-33.51171875,-104.44921875,7261.02941176471,102772.900841506,104.44921875,0,0,0,0,0,0,0,0,0,0,0,0
4.31392,0,0,0,440.09488,0,0,0,0,48.71484375,3439.62104072398,-35990.5100223172,-48.71484375,-70.60546875,7656.95701357466,89576.3804999897,70.60546875,0,0,0,0,0,0,0,0,0,0,0,0
4.31834,0,0,0,386.49438,0,0,0,0,62.55859375,3132.07013574661,-69581.6527098136,-62.55859375,-35.42578125,7959.20531674208,68381.9690424029,35.42578125,0,0,0,0,0,0,0,0,0,0,0,0
4.32276,0,0,0,328.59344,0,0,0,0,75.3046875,2883.73161764706,-56185.1850903953,-75.3046875,0.58203125,8146.56391402715,42388.8229151737,-0.58203125,0,0,0,0,0,0,0,0,0,0,0,0
4.32718,0,0,0,267.03635,0,0,0,0,86.08984375,2440.08059954751,-100373.533506685,-86.08984375,37.1796875,8280.01272624434,30192.0389631663,-37.1796875,0,0,0,0,0,0,0,0,0,0,0,0
4.3316,0,0,0,202.50798,0,0,0,0,95.171875,2054.75820135747,-87177.0131651686,-95.171875,74.03515625,8338.34134615385,13196.5203415163,-74.03515625,0,0,0,0,0,0,0,0,0,0,0,0
4.33602,0,0,0,135.72636,0,0,0,0,102.203125,1590.78054298643,-104972.320898426,-102.203125,110.45703125,8240.24321266968,-22194.1478470958,-110.45703125,0,0,0,0,0,0,0,0,0,0,0,0
4.34044,0,0,0,67.434563,0,0,0,0,107.1484375,1118.84898190045,-106771.846399541,-107.1484375,146.32421875,8114.74830316742,-28392.5134620502,-146.32421875,0,0,0,0,0,0,0,0,0,0,0,0
4.34486,0,0,0,-1.6075673,0,0,0,0,109.57421875,548.819287330317,-128965.994246637,-109.57421875,180.9453125,7832.82664027149,-63783.1816506623,-180.9453125,0,0,0,0,0,0,0,0,0,0,0,0
4.34928,0,0,0,-70.631813,0,0,0,0,109.99609375,95.4468325791855,-102572.953563604,-109.99609375,213.38671875,7339.6846719457,-111570.581069184,-213.38671875,0,0,0,0,0,0,0,0,0,0,0,0
4.3537,0,0,0,-138.87015,0,0,0,0,109.99609375,0,-21594.3060133904,-109.99609375,243.7265625,6864.21804298642,-107571.635511148,-243.7265625,0,0,0,0,0,0,0,0,0,0,0,0
4.35812,0,0,0,-205.56332,0,0,0,0,107.99609375,-452.488687782805,-102373.006285703,-107.99609375,271.08203125,6189.02007918552,-152759.720316947,-271.08203125,0,0,0,0,0,0,0,0,0,0,0,0
4.36254,0,0,0,-269.96924,0,0,0,0,105.1953125,-633.660916289593,-40989.1919698614,-105.1953125,295.24609375,5466.98246606335,-163356.92604574,-295.24609375,0,0,0,0,0,0,0,0,0,0,0,0
4.36696,0,0,0,-331.37128,0,0,0,0,101.85546875,-755.620757918552,-27592.7243504433,-101.85546875,315.8203125,4654.80062217195,-183751.54839172,-315.8203125,0,0,0,0,0,0,0,0,0,0,0,0
4.37138,0,0,0,-389.08621,0,0,0,0,98.24609375,-816.600678733032,-13796.3621752216,-98.24609375,332.1953125,3704.75113122172,-214943.323744395,-332.1953125,0,0,0,0,0,0,0,0,0,0,0,0
4.3758,0,0,0,-442.47192,0,0,0,0,94.7734375,-785.668834841629,6998.15472656169,-94.7734375,343.89453125,2646.88207013575,-239336.89164841,-343.89453125,0,0,0,0,0,0,0,0,0,0,0,0
4.38022,0,0,0,-490.93433,0,0,0,0,91.609375,-715.851244343891,15795.8349542393,-91.609375,351.09765625,1629.66628959276,-230139.316864929,-351.09765625,0,0,0,0,0,0,0,0,0,0,0,0
4.38464,0,0,0,-533.9342,0,0,0,0,89.03515625,-582.402432126697,30192.0389631662,-89.03515625,353.99609375,655.755090497737,-220341.900247743,-353.99609375,0,0,0,0,0,0,0,0,0,0,0,0
4.38906,0,0,0,-570.99316,0,0,0,0,87,-460.442590497738,27592.7243504433,-87,353.99609375,0,-148360.880203108,-353.99609375,0,0,0,0,0,0,0,0,0,0,0,0
4.39348,0,0,0,-601.69885,0,0,0,0,85.71875,-289.87556561086,38589.8246350402,-85.71875,346.46484375,-1703.90271493213,-385498.351794599,-346.46484375,0,0,0,0,0,0,0,0,0,0,0,0
4.3979,0,0,0,-625.70953,0,0,0,0,84.3359375,-312.85350678733,-5198.62922544583,-84.3359375,335.28515625,-2529.34106334842,-186750.757560246,-335.28515625,0,0,0,0,0,0,0,0,0,0,0,0
4.40232,0,0,0,-642.75812,0,0,0,0,82.5546875,-402.997737556561,-20394.6223459798,-82.5546875,320.05859375,-3444.92364253394,-207145.379906226,-320.05859375,0,0,0,0,0,0,0,0,0,0,0,0
4.40674,0,0,0,-652.65491,0,0,0,0,80.55078125,-453.372454751131,-11396.9948404005,-80.55078125,301.5703125,-4182.86906108597,-166955.977047972,-301.5703125,0,0,0,0,0,0,0,0,0,0,0,0
4.41116,0,0,0,-655.28973,0,0,0,0,78.07421875,-560.308257918552,-24193.6206261133,-78.07421875,279.31640625,-5034.82041855204,-192749.1758973,-279.31640625,0,0,0,0,0,0,0,0,0,0,0,0
4.41558,0,0,0,-650.63336,0,0,0,0,74.80078125,-740.596719457013,-40789.2446919596,-74.80078125,254.26171875,-5668.48133484163,-143362.198255564,-254.26171875,0,0,0,0,0,0,0,0,0,0,0,0
4.42,0,0,0,-638.73749,0,0,0,0,70.7421875,-918.233880090498,-40189.4028582543,-70.7421875,226.25390625,-6336.60916289593,-151160.142093733,-226.25390625,0,0,0,0,0,0,0,0,0,0,0,0
4.42442,0,0,0,-619.73462,0,0,0,0,65.8125,-1115.31391402715,-44588.2429720931,-65.8125,196.015625,-6841.24010180995,-114169.895681907,-196.015625,0,0,0,0,0,0,0,0,0,0,0,0
4.42884,0,0,0,-593.83606,0,0,0,0,59.58203125,-1409.60831447964,-66582.4435412871,-59.58203125,163.984375,-7246.88914027149,-91775.8005569091,-163.984375,0,0,0,0,0,0,0,0,0,0,0,0
4.43326,0,0,0,-561.33008,0,0,0,0,52.3359375,-1639.38772624434,-51986.2922544583,-52.3359375,130.484375,-7579.18552036199,-75180.1764910629,-130.484375,0,0,0,0,0,0,0,0,0,0,0,0
4.43768,0,0,0,-522.57831,0,0,0,0,42.9609375,-2121.0407239819,-108971.266456461,-42.9609375,96,-7801.89479638009,-50386.7140312442,-96,0,0,0,0,0,0,0,0,0,0,0,0
4.4421,0,0,0,-478.0119,0,0,0,0,32.078125,-2462.17477375566,-77179.6492700805,-32.078125,61.1640625,-7881.43382352941,-17995.2550111585,-61.1640625,0,0,0,0,0,0,0,0,0,0,0,0
4.44652,0,0,0,-428.1268,0,0,0,0,19.7109375,-2798.00622171946,-75979.9656026698,-19.7109375,25.83984375,-7991.90469457013,-24993.4097377204,-25.83984375,0,0,0,0,0,0,0,0,0,0,0,0
4.45094,0,0,0,-373.47803,0,0,0,0,6,-3102.02205882353,-68781.8635982064,-6,-9.0546875,-7894.6903280543,21994.2005691938,9.0546875,0,0,0,0,0,0,0,0,0,0,0,0
4.45536,0,0,0,-314.67368,0,0,0,0,-8.6875,-3322.96380090498,-49986.8194754407,8.6875,-43.3828125,-7766.54411764706,28992.3552957556,43.3828125,0,0,0,0,0,0,0,0,0,0,0,0
4.45978,0,0,0,-252.36803,0,0,0,0,-24.125,-3492.64705882353,-38389.8773571385,24.125,-76.671875,-7531.4621040724,53185.975921869,76.671875,0,0,0,0,0,0,0,0,0,0,0,0
4.4642,0,0,0,-187.25433,0,0,0,0,-39.96875,-3584.55882352941,-20794.5169017834,39.96875,-108.7421875,-7255.72680995475,62383.55070535,108.7421875,0,0,0,0,0,0,0,0,0,0,0,0
4.46862,0,0,0,-120.05711,0,0,0,0,-55.82421875,-3587.21012443439,-599.841833705256,55.82421875,-139.30078125,-6913.70899321267,77379.5965479823,139.30078125,0,0,0,0,0,0,0,0,0,0,0,0
4.47304,0,0,0,-51.52404,0,0,0,0,-71.2890625,-3498.83342760181,19994.7277901763,71.2890625,-168.23828125,-6546.94570135747,82978.1203292316,168.23828125,0,0,0,0,0,0,0,0,0,0,0,0
4.47746,0,0,0,17.582323,0,0,0,0,-86.28125,-3391.89762443439,24193.6206261132,86.28125,-195.078125,-6072.36283936652,107371.688233247,195.078125,0,0,0,0,0,0,0,0,0,0,0,0
4.48188,0,0,0,86.49305,0,0,0,0,-100.55078125,-3228.40073529412,36990.2464118261,100.55078125,-219.953125,-5627.82805429864,100573.480784587,219.953125,0,0,0,0,0,0,0,0,0,0,0,0
4.4863,0,0,0,154.44139,0,0,0,0,-113.375,-2901.40695701357,73980.4928236523,113.375,-242.27734375,-5050.7282239819,130565.572469851,242.27734375,0,0,0,0,0,0,0,0,0,0,0,0
4.49072,0,0,0,220.67131,0,0,0,0,-124.51171875,-2519.61962669683,86377.2240535616,124.51171875,-262.34765625,-4540.79468325792,115369.579349317,262.34765625,0,0,0,0,0,0,0,0,0,0,0,0
4.49514,0,0,0,284.44586,0,0,0,0,-133.23828125,-1974.33540723982,123367.470465388,133.23828125,-279.83203125,-3955.74095022624,132365.097970967,279.83203125,0,0,0,0,0,0,0,0,0,0,0,0
4.49956,0,0,0,345.05548,0,0,0,0,-139.1328125,-1333.60435520362,144961.776478778,139.1328125,-294.3359375,-3281.42675339367,152559.773039045,294.3359375,0,0,0,0,0,0,0,0,0,0,0,0
4.50398,0,0,0,401.82571,0,0,0,0,-142.32421875,-722.037613122172,138363.51630802,142.32421875,-306.1015625,-2661.90610859728,140163.041809136,306.1015625,0,0,0,0,0,0,0,0,0,0,0,0
4.5084,0,0,0,454.12497,0,0,0,0,-143,-152.891685520362,128766.046968735,143,-315.13671875,-2044.15299773756,139763.147253332,315.13671875,0,0,0,0,0,0,0,0,0,0,0,0
4.51282,0,0,0,501.37125,0,0,0,0,-140.8203125,493.141968325792,146161.460146189,140.8203125,-321.01171875,-1329.18552036199,161757.347822526,321.01171875,0,0,0,0,0,0,0,0,0,0,0,0
4.51724,0,0,0,543.03894,0,0,0,0,-135.72265625,1153.31589366516,149360.616592617,135.72265625,-324,-676.081730769231,147761.038369403,324,0,0,0,0,0,0,0,0,0,0,0,0
4.52166,0,0,0,578.66437,0,0,0,0,-128.68359375,1592.54807692308,99373.7971171762,128.68359375,-324,0,152959.667594849,324,0,0,0,0,0,0,0,0,0,0,0,0
4.52608,0,0,0,607.85107,0,0,0,0,-120.171875,1925.7282239819,75380.1237689646,120.171875,-321.25,622.171945701357,140762.883642841,321.25,0,0,0,0,0,0,0,0,0,0,0,0
4.5305,0,0,0,630.27448,0,0,0,0,-110.25,2244.76809954751,72180.9673225364,110.25,-313.8046875,1684.45984162896,240336.628037919,313.8046875,0,0,0,0,0,0,0,0,0,0,0,0
4.53492,0,0,0,645.68488,0,0,0,0,-98.6796875,2617.717760181,84377.7512745439,98.6796875,-303.203125,2398.5435520362,161557.400544624,303.203125,0,0,0,0,0,0,0,0,0,0,0,0
4.53934,0,0,0,653.91095,0,0,0,0,-85.78515625,2917.31476244344,67782.1272086976,85.78515625,-289.953125,2997.73755656109,135564.254417395,289.953125,0,0,0,0,0,0,0,0,0,0,0,0
4.54376,0,0,0,654.86115,0,0,0,0,-71.625,3203.655260181,64782.9180401712,71.625,-273.8671875,3639.35237556561,145161.72375668,273.8671875,0,0,0,0,0,0,0,0,0,0,0,0
4.54818,0,0,0,648.52478,0,0,0,0,-56.72265625,3371.5709841629,37989.982801335,56.72265625,-255.00390625,4267.71069004525,142162.514588153,255.00390625,0,0,0,0,0,0,0,0,0,0,0,0
4.5526,0,0,0,634.97253,0,0,0,0,-40.9453125,3569.53478506787,44788.1902499948,40.9453125,-233.703125,4819.18127828054,124767.1014107,233.703125,0,0,0,0,0,0,0,0,0,0,0,0
4.55702,0,0,0,614.35504,0,0,0,0,-24.69921875,3675.58682126697,23993.6733482115,24.69921875,-209.65234375,5441.3532239819,140762.883642841,209.65234375,0,0,0,0,0,0,0,0,0,0,0,0
4.56144,0,0,0,586.90179,0,0,0,0,-8.16015625,3741.8693438914,14996.0458426322,8.16015625,-182.984375,6033.47709276018,133964.676194181,182.984375,0,0,0,0,0,0,0,0,0,0,0,0
4.56586,0,0,0,552.91827,0,0,0,0,8.51953125,3773.68495475113,7198.10200446349,-8.51953125,-154.0390625,6548.71323529412,116569.263016728,154.0390625,0,0,0,0,0,0,0,0,0,0,0,0
4.57028,0,0,0,512.78253,0,0,0,0,24.69921875,3660.56278280543,-25593.2515714257,-24.69921875,-122.87890625,7049.80910633484,113370.1065703,122.87890625,0,0,0,0,0,0,0,0,0,0,0,0
4.5747,0,0,0,466.94116,0,0,0,0,40.2265625,3512.97369909502,-33391.1954095944,-40.2265625,-89.9921875,7440.43410633484,88376.6968325792,89.9921875,0,0,0,0,0,0,0,0,0,0,0,0
4.57912,0,0,0,415.9043,0,0,0,0,54.66796875,3267.28648190045,-55585.3432566901,-54.66796875,-55.40234375,7825.75650452489,87177.0131651687,55.40234375,0,0,0,0,0,0,0,0,0,0,0,0
4.58354,0,0,0,360.23975,0,0,0,0,67.99609375,3015.4128959276,-56984.9742020023,-67.99609375,-19.70703125,8075.86255656109,56585.0796461988,19.70703125,0,0,0,0,0,0,0,0,0,0,0,0
4.58796,0,0,0,300.56693,0,0,0,0,79.53125,2609.76385746606,-91775.8005569092,-79.53125,16.69140625,8234.94061085973,35990.5100223174,-16.69140625,0,0,0,0,0,0,0,0,0,0,0,0
4.59238,0,0,0,237.54974,0,0,0,0,89.40234375,2233.27912895928,-85177.5403861509,-89.40234375,53.44921875,8316.2471719457,18395.149566962,-53.44921875,0,0,0,0,0,0,0,0,0,0,0,0
4.5968,0,0,0,171.8894,0,0,0,0,97.3046875,1787.86057692308,-100773.428062488,-97.3046875,90.25390625,8326.85237556561,2399.36733482103,-90.25390625,0,0,0,0,0,0,0,0,0,0,0,0
4.60122,0,0,0,104.31651,0,0,0,0,103.1015625,1311.51018099547,-107771.58278905,-103.1015625,126.37109375,8171.30938914027,-35190.7209107102,-126.37109375,0,0,0,0,0,0,0,0,0,0,0,0
4.60564,0,0,0,35.582897,0,0,0,0,106.7734375,830.740950226244,-108771.319178559,-106.7734375,161.7421875,8002.50989819004,-38189.9300792366,-161.7421875,0,0,0,0,0,0,0,0,0,0,0,0
4.61006,0,0,0,-33.546627,0,0,0,0,107.99609375,276.619061085973,-125366.943244405,-107.99609375,195.4921875,7635.74660633484,-82978.1203292316,-195.4921875,0,0,0,0,0,0,0,0,0,0,0,0
4.61448,0,0,0,-102.30289,0,0,0,0,107.99609375,0,-62583.4979832518,-107.99609375,227.078125,7146.13970588235,-110770.791957577,-227.078125,0,0,0,0,0,0,0,0,0,0,0,0
4.6189,0,0,0,-169.92085,0,0,0,0,106.5,-338.482748868778,-76579.8074363752,-106.5,256.12890625,6572.57494343891,-129765.783358244,-256.12890625,0,0,0,0,0,0,0,0,0,0,0,0
4.62332,0,0,0,-235.64815,0,0,0,0,104.24609375,-509.933540723982,-38789.771912942,-104.24609375,282.015625,5856.72369909502,-161957.295100428,-282.015625,0,0,0,0,0,0,0,0,0,0,0,0
4.62774,0,0,0,-298.75345,0,0,0,0,101.30859375,-664.592760180995,-34990.7736328085,-101.30859375,304.44140625,5073.70616515837,-177153.288220962,-304.44140625,0,0,0,0,0,0,0,0,0,0,0,0
4.63216,0,0,0,-358.53461,0,0,0,0,97.8515625,-782.133766968326,-26592.9879609345,-97.8515625,322.84375,4163.4261877828,-205945.696238816,-322.84375,0,0,0,0,0,0,0,0,0,0,0,0
4.63658,0,0,0,-414.32642,0,0,0,0,94.421875,-775.947398190045,1399.63094531234,-94.421875,336.99609375,3201.88772624434,-217542.638357118,-336.99609375,0,0,0,0,0,0,0,0,0,0,0,0
4.641,0,0,0,-465.50812,0,0,0,0,91.1875,-731.759049773756,9997.36389508815,-91.1875,346.6953125,2194.39338235294,-227939.89680801,-346.6953125,0,0,0,0,0,0,0,0,0,0,0,0
4.64542,0,0,0,-511.51025,0,0,0,0,88.6171875,-581.518665158371,33991.0372432997,-88.6171875,351.65234375,1121.50028280543,-242735.99537274,-351.65234375,0,0,0,0,0,0,0,0,0,0,0,0
4.64984,0,0,0,-551.82092,0,0,0,0,86.51171875,-476.350395927602,23793.7260703098,-86.51171875,352.99609375,304.015837104072,-184951.232059131,-352.99609375,0,0,0,0,0,0,0,0,0,0,0,0
4.65426,0,0,0,-585.99164,0,0,0,0,85.046875,-331.412613122172,32791.3535758891,-85.046875,349.37109375,-820.135746606335,-254332.937491042,-349.37109375,0,0,0,0,0,0,0,0,0,0,0,0
4.65868,0,0,0,-613.64215,0,0,0,0,83.57421875,-333.180147058823,-399.894555803517,-83.57421875,340.13671875,-2089.22511312217,-287124.291066931,-340.13671875,0,0,0,0,0,0,0,0,0,0,0,0
4.6631,0,0,0,-634.46478,0,0,0,0,82.17578125,-316.388574660633,3798.99828013348,-82.17578125,327,-2972.10831447964,-199747.330623861,-327,0,0,0,0,0,0,0,0,0,0,0,0
4.66752,0,0,0,-648.22797,0,0,0,0,80.36328125,-410.067873303167,-21194.4114575869,-80.36328125,310.12890625,-3816.98953619909,-191149.597674085,-310.12890625,0,0,0,0,0,0,0,0,0,0,0,0
4.67194,0,0,0,-654.77838,0,0,0,0,78.13671875,-503.747171945701,-21194.4114575869,-78.13671875,289.67578125,-4627.40384615385,-183351.653835916,-289.67578125,0,0,0,0,0,0,0,0,0,0,0,0
4.67636,0,0,0,-654.04333,0,0,0,0,75.16796875,-671.662895927602,-37989.9828013349,-75.16796875,266.05078125,-5345.02262443439,-162357.189656231,-266.05078125,0,0,0,0,0,0,0,0,0,0,0,0
4.68078,0,0,0,-646.03088,0,0,0,0,71.62109375,-802.460407239819,-29592.1971294609,-71.62109375,239.51953125,-6002.54524886878,-148760.774758912,-239.51953125,0,0,0,0,0,0,0,0,0,0,0,0
4.6852,0,0,0,-630.83014,0,0,0,0,67,-1045.49632352941,-54985.5014229848,-67,210.48046875,-6569.92364253394,-128366.152412932,-210.48046875,0,0,0,0,0,0,0,0,0,0,0,0
4.68962,0,0,0,-608.61041,0,0,0,0,61.55859375,-1231.08738687783,-41988.9283593702,-61.55859375,179.33984375,-7045.39027149321,-107571.635511148,-179.33984375,0,0,0,0,0,0,0,0,0,0,0,0
4.69404,0,0,0,-579.61877,0,0,0,0,54.41015625,-1617.2935520362,-87376.9604430703,-54.41015625,146.44921875,-7441.31787330317,-89576.3804999899,-146.44921875,0,0,0,0,0,0,0,0,0,0,0,0
4.69846,0,0,0,-544.17786,0,0,0,0,46,-1902.75028280543,-64582.9707622694,-46,112.23046875,-7741.79864253394,-67982.0744865992,-112.23046875,0,0,0,0,0,0,0,0,0,0,0,0
4.70288,0,0,0,-502.68201,0,0,0,0,35.75390625,-2318.12075791855,-93975.2206138286,-35.75390625,77.6640625,-7820.45390271493,-17795.3077332569,-77.6640625,0,0,0,0,0,0,0,0,0,0,0,0
4.7073,0,0,0,-455.59296,0,0,0,0,24.0078125,-2657.48727375566,-76779.7547142769,-24.0078125,42.3828125,-7982.18325791855,-36590.3518560226,-42.3828125,0,0,0,0,0,0,0,0,0,0,0,0
4.71172,0,0,0,-403.43463,0,0,0,0,10.92578125,-2959.73557692308,-68381.9690424028,-10.92578125,7.26953125,-7944.18127828054,8597.73294977565,-7.26953125,0,0,0,0,0,0,0,0,0,0,0,0
4.71614,0,0,0,-346.78738,0,0,0,0,-3.14453125,-3183.3286199095,-50586.661309146,3.14453125,-27.34765625,-7831.94287330317,25393.3042935239,27.34765625,0,0,0,0,0,0,0,0,0,0,0,0
4.72056,0,0,0,-286.28152,0,0,0,0,-18.296875,-3428.13207013575,-55385.3959787883,18.296875,-61.19140625,-7656.95701357466,39589.5610245492,61.19140625,0,0,0,0,0,0,0,0,0,0,0,0
4.72498,0,0,0,-222.59027,0,0,0,0,-34.0078125,-3554.51074660633,-28592.4607399521,34.0078125,-94,-7422.75876696833,52986.0286439671,94,0,0,0,0,0,0,0,0,0,0,0,0
4.7294,0,0,0,-156.42232,0,0,0,0,-50,-3618.14196832579,-14396.204008927,50,-125.50390625,-7127.58059954751,66782.3908191887,125.50390625,0,0,0,0,0,0,0,0,0,0,0,0
4.73382,0,0,0,-88.513901,0,0,0,0,-65.80078125,-3574.83738687783,9797.41661718647,65.80078125,-155.44921875,-6774.95757918552,79778.9638828035,155.44921875,0,0,0,0,0,0,0,0,0,0,0,0
4.73824,0,0,0,-19.620609,0,0,0,0,-81.109375,-3463.48274886878,25193.3570156221,81.109375,-183.67578125,-6386.10011312217,87976.8022767755,183.67578125,0,0,0,0,0,0,0,0,0,0,0,0
4.74266,0,0,0,49.490997,0,0,0,0,-95.671875,-3294.68325791855,38189.9300792367,95.671875,-209.515625,-5846.11849547511,122167.786797977,209.515625,0,0,0,0,0,0,0,0,0,0,0,0
4.74708,0,0,0,118.05193,0,0,0,0,-109,-3015.4128959276,63183.339816957,109,-233.2890625,-5378.60576923077,105772.110010033,233.2890625,0,0,0,0,0,0,0,0,0,0,0,0
4.7515,0,0,0,185.29933,0,0,0,0,-120.72265625,-2652.1846719457,82178.3312176246,120.72265625,-254.7109375,-4846.57805429864,120368.261296861,254.7109375,0,0,0,0,0,0,0,0,0,0,0,0
4.75592,0,0,0,250.48495,0,0,0,0,-130.328125,-2173.18297511312,108371.424622755,130.328125,-273.4140625,-4231.47624434389,139163.305419627,273.4140625,0,0,0,0,0,0,0,0,0,0,0,0
4.76034,0,0,0,312.88348,0,0,0,0,-137.65625,-1657.94683257919,116569.263016728,137.65625,-289.5234375,-3644.65497737557,132764.992526771,289.5234375,0,0,0,0,0,0,0,0,0,0,0,0
4.76476,0,0,0,371.80066,0,0,0,0,-142,-982.74886877828,152759.720316947,142,-303.03515625,-3056.94994343891,132964.939804672,303.03515625,0,0,0,0,0,0,0,0,0,0,0,0
4.76918,0,0,0,426.58087,0,0,0,0,-143.69140625,-382.671097285068,135764.201695297,143.69140625,-313.4453125,-2355.23897058824,158758.138654,313.4453125,0,0,0,0,0,0,0,0,0,0,0,0
4.7736,0,0,0,476.61462,0,0,0,0,-144,-69.8175904977376,70781.336377224,144,-321,-1709.20531674208,146161.460146189,321,0,0,0,0,0,0,0,0,0,0,0,0
4.77802,0,0,0,521.34521,0,0,0,0,-138.96875,1138.29185520362,273327.92889171,138.96875,-325.30859375,-974.794966063348,166156.187936365,325.30859375,0,0,0,0,0,0,0,0,0,0,0,0
4.78244,0,0,0,560.27496,0,0,0,0,-132.421875,1481.19343891403,77579.5438258839,132.421875,-327,-382.671097285068,133964.676194181,327,0,0,0,0,0,0,0,0,0,0,0,0
4.78686,0,0,0,592.97064,0,0,0,0,-124.59765625,1770.18523755656,65382.7598738765,124.59765625,-325.5,339.366515837104,163356.92604574,325.5,0,0,0,0,0,0,0,0,0,0,0,0
4.79128,0,0,0,619.06848,0,0,0,0,-115.58984375,2037.96662895928,60584.0252042341,115.58984375,-319.828125,1283.22963800905,213543.692799083,319.828125,0,0,0,0,0,0,0,0,0,0,0,0
4.7957,0,0,0,638.27808,0,0,0,0,-104.89453125,2419.75395927602,86377.2240535616,104.89453125,-310.70703125,2063.59587104072,176553.446387257,310.70703125,0,0,0,0,0,0,0,0,0,0,0,0
4.80012,0,0,0,650.38574,0,0,0,0,-92.484375,2807.72765837104,87776.8549988738,92.484375,-298.51953125,2757.35294117647,156958.613152884,298.51953125,0,0,0,0,0,0,0,0,0,0,0,0
4.80454,0,0,0,655.25671,0,0,0,0,-79.21875,3001.27262443439,43788.4538604861,79.21875,-283.3828125,3424.59700226244,150960.194815831,283.3828125,0,0,0,0,0,0,0,0,0,0,0,0
4.80896,0,0,0,652.83679,0,0,0,0,-64.828125,3255.79751131222,57584.8160357077,64.828125,-265.87890625,3960.15978506787,121168.050408468,265.87890625,0,0,0,0,0,0,0,0,0,0,0,0
4.81338,0,0,0,643.15295,0,0,0,0,-49.47265625,3474.08795248869,49386.9776417355,49.47265625,-245.41015625,4630.93891402715,151759.983927438,245.41015625,0,0,0,0,0,0,0,0,0,0,0,0
4.8178,0,0,0,626.31293,0,0,0,0,-33.46484375,3621.67703619909,33391.1954095944,33.46484375,-222.35546875,5215.99264705882,132365.097970967,222.35546875,0,0,0,0,0,0,0,0,0,0,0,0
4.82222,0,0,0,602.50403,0,0,0,0,-17.1015625,3702.09983031674,18195.2022890604,17.1015625,-196.62890625,5820.48925339366,136763.938084806,196.62890625,0,0,0,0,0,0,0,0,0,0,0,0
4.82664,0,0,0,571.99121,0,0,0,0,-0.5859375,3736.56674208145,7797.94383816875,0.5859375,-168.66015625,6327.77149321267,114769.737515612,168.66015625,0,0,0,0,0,0,0,0,0,0,0,0
4.83106,0,0,0,535.11401,0,0,0,0,15.83984375,3716.24010180995,-4598.78739174051,-15.83984375,-138.25,6880.12584841629,124967.048688602,138.25,0,0,0,0,0,0,0,0,0,0,0,0
4.83548,0,0,0,492.28275,0,0,0,0,31.84375,3620.79326923077,-21594.3060133904,-31.84375,-105.97265625,7302.56645927602,95574.7988370427,105.97265625,0,0,0,0,0,0,0,0,0,0,0,0
4.8399,0,0,0,443.97397,0,0,0,0,47.1171875,3455.52884615385,-37390.1409676297,-47.1171875,-71.890625,7710.86679864253,92375.6423906144,71.890625,0,0,0,0,0,0,0,0,0,0,0,0
4.84432,0,0,0,390.72519,0,0,0,0,61.21875,3190.39875565611,-59984.1833705288,-61.21875,-36.58203125,7988.36962669683,62783.4452611535,36.58203125,0,0,0,0,0,0,0,0,0,0,0,0
4.84874,0,0,0,333.12891,0,0,0,0,74.1328125,2921.73359728507,-60783.9724821358,-74.1328125,-0.3828125,8189.86849547511,45587.979361602,0.3828125,0,0,0,0,0,0,0,0,0,0,0,0
4.85316,0,0,0,271.82599,0,0,0,0,85.37109375,2542.5975678733,-85777.3822198563,-85.37109375,36.73828125,8398.4375,47187.5575848162,-36.73828125,0,0,0,0,0,0,0,0,0,0,0,0
4.85758,0,0,0,207.49852,0,0,0,0,94.90625,2157.27516968326,-87177.0131651686,-94.90625,73.64453125,8349.83031674208,-10997.1002845973,-73.64453125,0,0,0,0,0,0,0,0,0,0,0,0
4.862,0,0,0,140.86229,0,0,0,0,102.23046875,1657.06306561086,-113170.159292398,-102.23046875,110.2734375,8287.08286199095,-14196.2567310249,-110.2734375,0,0,0,0,0,0,0,0,0,0,0,0
4.86642,0,0,0,72.658699,0,0,0,0,107.671875,1231.08738687783,-96374.5879486497,-107.671875,146.30078125,8150.98274886878,-30791.8807968715,-146.30078125,0,0,0,0,0,0,0,0,0,0,0,0
4.87084,0,0,0,3.6466591,0,0,0,0,110.3984375,616.869343891403,-138963.358141725,-110.3984375,181.0078125,7852.26951357466,-67582.1799307959,-181.0078125,0,0,0,0,0,0,0,0,0,0,0,0
4.87526,0,0,0,-65.405952,0,0,0,0,110.99609375,135.216346153846,-108971.266456461,-110.99609375,213.81640625,7422.75876696833,-97174.3770602567,-213.81640625,0,0,0,0,0,0,0,0,0,0,0,0
4.87968,0,0,0,-133.73082,0,0,0,0,110.99609375,0,-30591.9335189697,-110.99609375,244.578125,6959.66487556561,-104772.373620524,-244.578125,0,0,0,0,0,0,0,0,0,0,0,0
4.8841,0,0,0,-200.56769,0,0,0,0,109.5,-338.482748868778,-76579.8074363752,-109.5,272.26953125,6265.02403846154,-157158.560430786,-272.26953125,0,0,0,0,0,0,0,0,0,0,0,0
4.88852,0,0,0,-265.17288,0,0,0,0,106.84375,-600.961538461538,-59384.3415368236,-106.84375,296.75390625,5539.45135746606,-164156.715157347,-296.75390625,0,0,0,0,0,0,0,0,0,0,0,0
4.89294,0,0,0,-326.82758,0,0,0,0,103.5859375,-737.06165158371,-30791.8807968715,-103.5859375,317.38671875,4668.05712669683,-197148.016011138,-317.38671875,0,0,0,0,0,0,0,0,0,0,0,0
4.89736,0,0,0,-384.84573,0,0,0,0,100.234375,-758.272058823529,-4798.73466964231,-100.234375,333.96484375,3750.70701357466,-207545.27446203,-333.96484375,0,0,0,0,0,0,0,0,0,0,0,0
4.90178,0,0,0,-438.58182,0,0,0,0,96.453125,-855.486425339366,-21994.2005691939,-96.453125,346.16015625,2759.12047511312,-224340.845805778,-346.16015625,0,0,0,0,0,0,0,0,0,0,0,0
4.9062,0,0,0,-487.4379,0,0,0,0,93.37109375,-697.29213800905,35790.5627444155,-93.37109375,353.73046875,1712.74038461538,-236737.577035687,-353.73046875,0,0,0,0,0,0,0,0,0,0,0,0
4.91062,0,0,0,-530.87042,0,0,0,0,90.46484375,-657.522624434389,8997.62750557934,-90.46484375,356.99609375,738.829185520362,-220341.900247743,-356.99609375,0,0,0,0,0,0,0,0,0,0,0,0
4.91504,0,0,0,-568.396,0,0,0,0,88.3359375,-481.652997737557,39789.5083024508,-88.3359375,356.99609375,0,-167155.924325874,-356.99609375,0,0,0,0,0,0,0,0,0,0,0,0
4.91946,0,0,0,-599.59723,0,0,0,0,86.8125,-344.669117647059,30991.8280747732,-86.8125,349.85546875,-1615.52601809955,-365503.624004422,-349.85546875,0,0,0,0,0,0,0,0,0,0,0,0
4.92388,0,0,0,-624.12689,0,0,0,0,85.29296875,-343.785350678733,199.947277901765,-85.29296875,338.73828125,-2515.2007918552,-203546.328903995,-338.73828125,0,0,0,0,0,0,0,0,0,0,0,0
4.9283,0,0,0,-641.71204,0,0,0,0,83.26953125,-457.79128959276,-25793.1988493274,-83.26953125,323.71484375,-3398.967760181,-199947.277901763,-323.71484375,0,0,0,0,0,0,0,0,0,0,0,0
4.93272,0,0,0,-652.15704,0,0,0,0,81.265625,-453.372454751131,999.736389508812,-81.265625,304.875,-4262.40808823529,-195348.490510022,-304.875,0,0,0,0,0,0,0,0,0,0,0,0
4.93714,0,0,0,-655.34564,0,0,0,0,78.421875,-643.382352941176,-42988.664748879,-78.421875,282.859375,-4980.91063348416,-162557.136934133,-282.859375,0,0,0,0,0,0,0,0,0,0,0,0
4.94156,0,0,0,-651.24237,0,0,0,0,75,-774.179864253394,-29592.1971294609,-75,257.6875,-5694.9943438914,-161557.400544624,-257.6875,0,0,0,0,0,0,0,0,0,0,0,0
4.94598,0,0,0,-639.89288,0,0,0,0,70.8515625,-938.560520361991,-37190.1936897279,-70.8515625,229.8046875,-6308.3286199095,-138763.410863823,-229.8046875,0,0,0,0,0,0,0,0,0,0,0,0
4.9504,0,0,0,-621.42346,0,0,0,0,65.76953125,-1149.78082579186,-47787.3994185213,-65.76953125,199.30859375,-6899.56872171946,-133764.728916279,-199.30859375,0,0,0,0,0,0,0,0,0,0,0,0
4.95482,0,0,0,-596.03961,0,0,0,0,59.28125,-1467.93693438914,-71981.0200446346,-59.28125,167,-7309.63659502262,-92775.5369464179,-167,0,0,0,0,0,0,0,0,0,0,0,0
4.95924,0,0,0,-564.0238,0,0,0,0,51.515625,-1756.92873303167,-65382.7598738765,-51.515625,133.3515625,-7612.76866515837,-68581.9163203048,-133.3515625,0,0,0,0,0,0,0,0,0,0,0,0
4.96366,0,0,0,-525.73218,0,0,0,0,42.1484375,-2119.27319004525,-81978.3839397228,-42.1484375,98.37890625,-7912.36566742081,-67782.1272086976,-98.37890625,0,0,0,0,0,0,0,0,0,0,0,0
4.96808,0,0,0,-481.59094,0,0,0,0,31.1328125,-2492.22285067873,-84377.7512745439,-31.1328125,62.96875,-8011.3475678733,-22394.0951249975,-62.96875,0,0,0,0,0,0,0,0,0,0,0,0
4.9725,0,0,0,-432.09113,0,0,0,0,18.5390625,-2849.26470588235,-80778.7002723122,-18.5390625,27.3515625,-8058.18721719457,-10597.2057287934,-27.3515625,0,0,0,0,0,0,0,0,0,0,0,0
4.97692,0,0,0,-377.78354,0,0,0,0,4.88671875,-3088.76555429864,-54185.7123113777,-4.88671875,-8.0234375,-8003.39366515837,12396.7312299093,8.0234375,0,0,0,0,0,0,0,0,0,0,0,0
4.98134,0,0,0,-319.27246,0,0,0,0,-10.05078125,-3379.52488687783,-65782.65442968,10.05078125,-42.58984375,-7820.45390271493,41389.0865256651,42.58984375,0,0,0,0,0,0,0,0,0,0,0,0
4.98576,0,0,0,-257.20892,0,0,0,0,-25.7109375,-3543.0217760181,-36990.2464118262,25.7109375,-76.5234375,-7677.28365384615,32391.4590200855,76.5234375,0,0,0,0,0,0,0,0,0,0,0,0
4.99018,0,0,0,-192.28346,0,0,0,0,-41.71875,-3621.67703619909,-17795.3077332569,41.71875,-109.17578125,-7387.40808823529,65582.7071517782,109.17578125,0,0,0,0,0,0,0,0,0,0,0,0
4.9946,0,0,0,-125.21853,0,0,0,0,-57.7734375,-3632.282239819,-2399.36733482113,57.7734375,-140.36328125,-7055.99547511312,74980.2292131611,140.36328125,0,0,0,0,0,0,0,0,0,0,0,0
4.99902,0,0,0,-56.760315,0,0,0,0,-73.48828125,-3555.39451357466,17395.4131774534,73.48828125,-169.83203125,-6667.13800904977,87976.8022767757,169.83203125,0,0,0,0,0,0,0,0,0,0,0,0
5.00344,0,0,0,12.329458,0,0,0,0,-88.671875,-3435.20220588235,27192.8297946397,88.671875,-197.44140625,-6246.4649321267,95174.9042812392,197.44140625,0,0,0,0,0,0,0,0,0,0,0,0
5.00786,0,0,0,81.282043,0,0,0,0,-103.0234375,-3246.95984162896,42588.7701930755,103.0234375,-222.81640625,-5740.95022624434,114369.842959808,222.81640625,0,0,0,0,0,0,0,0,0,0,0,0
5.01228,0,0,0,149.33022,0,0,0,0,-116.0859375,-2955.31674208145,65982.6017075817,116.0859375,-245.91015625,-5224.83031674208,116769.21029463,245.91015625,0,0,0,0,0,0,0,0,0,0,0,0
5.0167,0,0,0,215.71684,0,0,0,0,-127.3828125,-2555.85407239819,90376.1696115968,127.3828125,-266.2578125,-4603.54213800905,140562.936364939,266.2578125,0,0,0,0,0,0,0,0,0,0,0,0
5.02112,0,0,0,279.70325,0,0,0,0,-136.421875,-2045.03676470588,115569.526627219,136.421875,-284.23828125,-4067.97935520362,121168.050408468,284.23828125,0,0,0,0,0,0,0,0,0,0,0,0
5.02554,0,0,0,340.57742,0,0,0,0,-142.8125,-1445.842760181,135564.254417395,142.8125,-299.421875,-3435.20220588235,143162.250977662,299.421875,0,0,0,0,0,0,0,0,0,0,0,0
5.02996,0,0,0,397.66211,0,0,0,0,-146.2265625,-772.412330316742,152359.825761143,146.2265625,-311.96484375,-2837.77573529412,135164.359861592,311.96484375,0,0,0,0,0,0,0,0,0,0,0,0
5.03438,0,0,0,450.32211,0,0,0,0,-147,-174.985859728507,135164.359861592,147,-321.1953125,-2088.34134615385,169555.291660695,321.1953125,0,0,0,0,0,0,0,0,0,0,0,0
5.0388,0,0,0,497.9715,0,0,0,0,-145.5,339.366515837104,116369.315738826,145.5,-327.7109375,-1474.12330316742,138963.358141725,327.7109375,0,0,0,0,0,0,0,0,0,0,0,0
5.04322,0,0,0,540.08008,0,0,0,0,-140.6015625,1108.24377828054,173954.131774534,140.6015625,-330.6171875,-657.522624434389,184751.284781229,330.6171875,0,0,0,0,0,0,0,0,0,0,0,0
5.04764,0,0,0,576.17926,0,0,0,0,-133.75390625,1549.24349547511,99773.6916729796,133.75390625,-331,-86.6091628959276,129165.941524539,331,0,0,0,0,0,0,0,0,0,0,0,0
5.05206,0,0,0,605.86749,0,0,0,0,-125.18359375,1938.98472850679,88176.7495546774,125.18359375,-328.30859375,608.91544117647,157358.507708687,328.30859375,0,0,0,0,0,0,0,0,0,0,0,0
5.05648,0,0,0,628.81439,0,0,0,0,-115.1875,2261.5596719457,72980.7564341434,115.1875,-320.9609375,1662.36566742081,238337.155258901,320.9609375,0,0,0,0,0,0,0,0,0,0,0,0
5.0609,0,0,0,644.76465,0,0,0,0,-103.5390625,2635.39309954751,84577.6985524457,103.5390625,-310.43359375,2381.75197963801,162757.084212035,310.43359375,0,0,0,0,0,0,0,0,0,0,0,0
5.06532,0,0,0,653.54071,0,0,0,0,-90.72265625,2899.63942307692,59784.2360926271,90.72265625,-297.12109375,3011.8778280543,142562.409143957,297.12109375,0,0,0,0,0,0,0,0,0,0,0,0
5.06974,0,0,0,655.04504,0,0,0,0,-76.1875,3288.49688914027,87976.8022767757,76.1875,-280.890625,3672.05175339367,149360.616592617,280.890625,0,0,0,0,0,0,0,0,0,0,0,0
5.07416,0,0,0,649.26086,0,0,0,0,-61.265625,3375.98981900452,19794.7805122745,61.265625,-261.91015625,4294.22369909502,140762.883642841,261.91015625,0,0,0,0,0,0,0,0,0,0,0,0
5.07858,0,0,0,636.25244,0,0,0,0,-45.21484375,3631.39847285068,57784.7633136095,45.21484375,-240.33984375,4880.16119909502,132565.045248869,240.33984375,0,0,0,0,0,0,0,0,0,0,0,0
5.083,0,0,0,616.16467,0,0,0,0,-28.35546875,3814.33823529412,41389.086525665,28.35546875,-215.83984375,5542.98642533937,149960.458426322,215.83984375,0,0,0,0,0,0,0,0,0,0,0,0
5.08742,0,0,0,589.22095,0,0,0,0,-11.69921875,3768.38235294118,-10397.2584508917,11.69921875,-188.8828125,6098.87584841629,125766.837800209,188.8828125,0,0,0,0,0,0,0,0,0,0,0,0
5.09184,0,0,0,555.72113,0,0,0,0,5.09375,3799.31419683258,6998.15472656174,-5.09375,-159.546875,6637.0899321267,121767.892242174,159.546875,0,0,0,0,0,0,0,0,0,0,0,0
5.09626,0,0,0,516.0379,0,0,0,0,21.59765625,3733.91544117647,-14796.0985647305,-21.59765625,-128.23828125,7083.39225113122,100973.37534039,128.23828125,0,0,0,0,0,0,0,0,0,0,0,0
5.10068,0,0,0,470.61292,0,0,0,0,37.57421875,3614.60690045249,-26992.882516738,-37.57421875,-94.796875,7565.9290158371,109171.213734362,94.796875,0,0,0,0,0,0,0,0,0,0,0,0
5.1051,0,0,0,419.95151,0,0,0,0,52.6875,3419.29440045249,-44188.3484162896,-52.6875,-59.7578125,7927.38970588235,81778.436661821,59.7578125,0,0,0,0,0,0,0,0,0,0,0,0
5.10952,0,0,0,364.6174,0,0,0,0,66.453125,3114.39479638009,-68981.8108761082,-66.453125,-23.73828125,8149.21521493213,50186.7667533426,23.73828125,0,0,0,0,0,0,0,0,0,0,0,0
5.11394,0,0,0,305.22626,0,0,0,0,78.83203125,2800.65752262443,-70981.2836551258,-78.83203125,13.21484375,8360.43552036199,47787.3994185213,-13.21484375,0,0,0,0,0,0,0,0,0,0,0,0
5.11836,0,0,0,242.43898,0,0,0,0,89.44921875,2402.0786199095,-90176.2223336951,-89.44921875,50.65234375,8470.02262443439,24793.4624598185,-50.65234375,0,0,0,0,0,0,0,0,0,0,0,0
5.12278,0,0,0,176.95413,0,0,0,0,98.16015625,1970.80033936652,-97574.2716160602,-98.16015625,88.09765625,8471.79015837104,399.89455580371,-88.09765625,0,0,0,0,0,0,0,0,0,0,0,0
5.1272,0,0,0,109.50035,0,0,0,0,104.83203125,1509.47398190045,-104372.47906472,-104.83203125,124.99609375,8348.06278280543,-27992.6189062469,-124.99609375,0,0,0,0,0,0,0,0,0,0,0,0
5.13162,0,0,0,40.828194,0,0,0,0,108.99609375,942.095588235294,-128366.152412932,-108.99609375,160.99609375,8144.7963800905,-45987.8739174055,-160.99609375,0,0,0,0,0,0,0,0,0,0,0,0
5.13604,0,0,0,-28.298248,0,0,0,0,110.99609375,452.488687782805,-110770.791957577,-110.99609375,195.41015625,7785.98699095023,-81178.5948281157,-195.41015625,0,0,0,0,0,0,0,0,0,0,0,0
5.14046,0,0,0,-97.109825,0,0,0,0,111.99609375,226.244343891403,-51186.5031428513,-111.99609375,227.8046875,7329.07946832579,-103372.742675212,-227.8046875,0,0,0,0,0,0,0,0,0,0,0,0
5.14488,0,0,0,-164.84088,0,0,0,0,111.99609375,0,-51186.5031428513,-111.99609375,257.68359375,6759.93354072398,-128766.046968735,-257.68359375,0,0,0,0,0,0,0,0,0,0,0,0
5.1493,0,0,0,-230.73779,0,0,0,0,109.15234375,-643.382352941176,-145561.618312483,-109.15234375,284.6953125,6111.24858597285,-146761.301979894,-284.6953125,0,0,0,0,0,0,0,0,0,0,0,0
5.15372,0,0,0,-294.06735,0,0,0,0,105.89453125,-737.06165158371,-21194.4114575869,-105.89453125,308.0390625,5281.39140271493,-187750.493949755,-308.0390625,0,0,0,0,0,0,0,0,0,0,0,0
5.15814,0,0,0,-354.12488,0,0,0,0,102.4609375,-776.831165158371,-8997.62750557931,-102.4609375,327.29296875,4356.08738687783,-209344.799963146,-327.29296875,0,0,0,0,0,0,0,0,0,0,0,0
5.16256,0,0,0,-410.24216,0,0,0,0,98.90625,-804.22794117647,-6198.36561495465,-98.90625,342.4375,3426.36453619909,-210344.536352655,-342.4375,0,0,0,0,0,0,0,0,0,0,0,0
5.16698,0,0,0,-461.7948,0,0,0,0,95.4453125,-783.017533936651,4798.73466964231,-95.4453125,353.01953125,2394.12471719457,-233538.420589259,-353.01953125,0,0,0,0,0,0,0,0,0,0,0,0
5.1714,0,0,0,-508.20914,0,0,0,0,92.5,-666.360294117647,26393.0406830327,-92.5,358.81640625,1311.51018099547,-244935.41542966,-358.81640625,0,0,0,0,0,0,0,0,0,0,0,0
5.17582,0,0,0,-548.96875,0,0,0,0,89.84765625,-600.077771493213,14996.0458426322,-89.84765625,359.99609375,266.897624434389,-236337.682479884,-359.99609375,0,0,0,0,0,0,0,0,0,0,0,0
5.18024,0,0,0,-583.62012,0,0,0,0,87.97265625,-424.20814479638,39789.5083024508,-87.97265625,357.859375,-483.420531674208,-169755.238938597,-357.859375,0,0,0,0,0,0,0,0,0,0,0,0
5.18466,0,0,0,-611.77771,0,0,0,0,86.35546875,-365.879524886878,13196.5203415163,-86.35546875,349.4609375,-1900.09898190045,-320515.486476526,-349.4609375,0,0,0,0,0,0,0,0,0,0,0,0
5.18908,0,0,0,-633.12823,0,0,0,0,84.9296875,-322.574943438914,9797.41661718638,-84.9296875,336.48828125,-2934.99010180995,-234138.262422964,-336.48828125,0,0,0,0,0,0,0,0,0,0,0,0
5.1935,0,0,0,-647.43408,0,0,0,0,82.8671875,-466.628959276018,-32591.4062979873,-82.8671875,319.9140625,-3749.82324660633,-184351.390225425,-319.9140625,0,0,0,0,0,0,0,0,0,0,0,0
5.19792,0,0,0,-654.53607,0,0,0,0,80.57421875,-518.77121040724,-11796.889396204,-80.57421875,299.671875,-4579.68042986425,-187750.493949755,-299.671875,0,0,0,0,0,0,0,0,0,0,0,0
5.20234,0,0,0,-654.35516,0,0,0,0,77.78125,-631.893382352941,-25593.2515714256,-77.78125,276.04296875,-5345.90639140271,-173354.289940828,-276.04296875,0,0,0,0,0,0,0,0,0,0,0,0
5.20676,0,0,0,-646.89349,0,0,0,0,74.015625,-851.951357466063,-49786.872197539,-74.015625,249.44921875,-6016.68552036199,-151759.983927438,-249.44921875,0,0,0,0,0,0,0,0,0,0,0,0
5.21118,0,0,0,-632.23395,0,0,0,0,69.59765625,-999.54044117647,-33391.1954095944,-69.59765625,220.07421875,-6645.92760180995,-142362.461866055,-220.07421875,0,0,0,0,0,0,0,0,0,0,0,0
5.2156,0,0,0,-610.53967,0,0,0,0,63.921875,-1284.11340497738,-64383.0234843676,-63.921875,188.625,-7115.20786199095,-106172.004565836,-188.625,0,0,0,0,0,0,0,0,0,0,0,0
5.22002,0,0,0,-582.05212,0,0,0,0,57.1875,-1523.61425339366,-54185.7123113777,-57.1875,155.3203125,-7534.9971719457,-94974.9570033373,-155.3203125,0,0,0,0,0,0,0,0,0,0,0,0
5.22444,0,0,0,-547.0882,0,0,0,0,48.77734375,-1902.75028280543,-85777.3822198563,-48.77734375,120.59375,-7856.68834841629,-72780.8091562417,-120.59375,0,0,0,0,0,0,0,0,0,0,0,0
5.22886,0,0,0,-506.03699,0,0,0,0,38.796875,-2258.0246040724,-80378.8057165087,-38.796875,85.421875,-7957.43778280543,-22793.989680801,-85.421875,0,0,0,0,0,0,0,0,0,0,0,0
5.23328,0,0,0,-459.35519,0,0,0,0,27.078125,-2651.30090497738,-88976.5386662844,-27.078125,49.41015625,-8147.44768099547,-42988.6647488791,-49.41015625,0,0,0,0,0,0,0,0,0,0,0,0
5.2377,0,0,0,-407.56229,0,0,0,0,14.0546875,-2946.47907239819,-66782.3908191888,-14.0546875,13.57421875,-8107.67816742081,8997.62750557936,-13.57421875,0,0,0,0,0,0,0,0,0,0,0,0
5.24212,0,0,0,-351.23453,0,0,0,0,-0.203125,-3225.74943438914,-63183.339816957,0.203125,-22.05859375,-8061.72228506787,10397.2584508917,22.05859375,0,0,0,0,0,0,0,0,0,0,0,0
5.24654,0,0,0,-290.99869,0,0,0,0,-15.484375,-3457.2963800905,-52386.1868102619,15.484375,-56.859375,-7873.47992081448,42588.7701930756,56.859375,0,0,0,0,0,0,0,0,0,0,0,0
5.25096,0,0,0,-227.52496,0,0,0,0,-31.26953125,-3571.30231900452,-25793.1988493274,31.26953125,-90.41796875,-7592.44202488688,63583.2343727605,90.41796875,0,0,0,0,0,0,0,0,0,0,0,0
5.25538,0,0,0,-161.51964,0,0,0,0,-47.39453125,-3648.19004524887,-17395.4131774534,47.39453125,-122.77734375,-7321.12556561086,61383.8143158413,122.77734375,0,0,0,0,0,0,0,0,0,0,0,0
5.2598,0,0,0,-93.717102,0,0,0,0,-63.3984375,-3620.79326923077,6198.36561495463,63.3984375,-153.65234375,-6985.29411764706,75979.9656026697,153.65234375,0,0,0,0,0,0,0,0,0,0,0,0
5.26422,0,0,0,-24.871815,0,0,0,0,-79.01171875,-3532.41657239819,19994.7277901763,79.01171875,-182.66796875,-6564.62104072398,95174.9042812392,182.66796875,0,0,0,0,0,0,0,0,0,0,0,0
5.26864,0,0,0,44.250221,0,0,0,0,-94,-3391.01385746606,31991.564464282,94,-209.54296875,-6080.31674208145,109571.108290166,209.54296875,0,0,0,0,0,0,0,0,0,0,0,0
5.27306,0,0,0,112.87989,0,0,0,0,-108.015625,-3170.95588235294,49786.872197539,108.015625,-234.10546875,-5557.12669683258,118368.788517844,234.10546875,0,0,0,0,0,0,0,0,0,0,0,0
5.27748,0,0,0,180.25359,0,0,0,0,-120.56640625,-2839.54326923077,74980.2292131611,120.56640625,-256.453125,-5056.03082579186,113370.1065703,256.453125,0,0,0,0,0,0,0,0,0,0,0,0
5.2819,0,0,0,245.62163,0,0,0,0,-131.046875,-2371.1467760181,105972.057287934,131.046875,-275.98046875,-4417.95107466063,144361.934645073,275.98046875,0,0,0,0,0,0,0,0,0,0,0,0
5.28632,0,0,0,308.25671,0,0,0,0,-139.30078125,-1867.3996040724,113969.948404005,139.30078125,-292.81640625,-3809.03563348416,137763.674474315,292.81640625,0,0,0,0,0,0,0,0,0,0,0,0
5.29074,0,0,0,367.46188,0,0,0,0,-144.94140625,-1276.15950226244,133764.728916279,144.94140625,-306.734375,-3148.8617081448,149360.616592617,306.734375,0,0,0,0,0,0,0,0,0,0,0,0
5.29516,0,0,0,422.57843,0,0,0,0,-147.12109375,-493.141968325792,177153.288220962,147.12109375,-318.04296875,-2558.50537330317,133564.781638378,318.04296875,0,0,0,0,0,0,0,0,0,0,0,0
5.29958,0,0,0,472.99301,0,0,0,0,-148,-198.847567873303,66582.443541287,148,-326.17578125,-1840.0028280543,162557.136934133,326.17578125,0,0,0,0,0,0,0,0,0,0,0,0
5.304,0,0,0,518.14478,0,0,0,0,-144.796875,724.688914027149,208944.905407342,144.796875,-331.05859375,-1104.70871040724,166356.135214267,331.05859375,0,0,0,0,0,0,0,0,0,0,0,0
5.30842,0,0,0,557.53119,0,0,0,0,-138.9296875,1327.41798642534,136364.043529002,138.9296875,-333,-439.232183257919,150560.300260027,333,0,0,0,0,0,0,0,0,0,0,0,0
5.31284,0,0,0,590.71417,0,0,0,0,-131.1953125,1749.85859728507,95574.7988370427,131.1953125,-333,0,99373.7971171761,333,0,0,0,0,0,0,0,0,0,0,0,0
5.31726,0,0,0,617.3244,0,0,0,0,-122.1484375,2046.80429864253,67182.2853749923,122.1484375,-327.23046875,1305.32381221719,295322.129460904,327.23046875,0,0,0,0,0,0,0,0,0,0,0,0
5.32168,0,0,0,637.0658,0,0,0,0,-111.2734375,2460.407239819,93575.326058025,111.2734375,-318.5546875,1962.84643665158,148760.774758912,318.5546875,0,0,0,0,0,0,0,0,0,0,0,0
5.3261,0,0,0,649.71869,0,0,0,0,-99.03515625,2768.84191176471,69781.5999877153,99.03515625,-306.65625,2691.95418552036,164956.504268954,306.65625,0,0,0,0,0,0,0,0,0,0,0,0
5.33052,0,0,0,655.1424,0,0,0,0,-85.453125,3072.85774886878,68781.8635982063,85.453125,-291.78125,3365.38461538462,152359.825761143,291.78125,0,0,0,0,0,0,0,0,0,0,0,0
5.33494,0,0,0,653.27643,0,0,0,0,-70.734375,3330.03393665158,58184.6578694131,70.734375,-274.38671875,3935.41430995475,128965.994246637,274.38671875,0,0,0,0,0,0,0,0,0,0,0,0
5.33936,0,0,0,644.14166,0,0,0,0,-55.01953125,3555.39451357466,50986.5558649495,55.01953125,-254.1796875,4571.72652714932,143962.040089269,254.1796875,0,0,0,0,0,0,0,0,0,0,0,0
5.34378,0,0,0,627.83972,0,0,0,0,-38.73046875,3685.30825791855,29392.2498515591,38.73046875,-231.1015625,5221.29524886878,146961.249257796,231.1015625,0,0,0,0,0,0,0,0,0,0,0,0
5.3482,0,0,0,604.55188,0,0,0,0,-21.9140625,3804.61679864253,26992.882516738,21.9140625,-205.55078125,5780.719739819,126566.626911816,205.55078125,0,0,0,0,0,0,0,0,0,0,0,0
5.35262,0,0,0,574.53741,0,0,0,0,-4.69140625,3896.52856334842,20794.5169017834,4.69140625,-177.53515625,6338.37669683258,126166.732356012,177.53515625,0,0,0,0,0,0,0,0,0,0,0,0
5.35704,0,0,0,538.13019,0,0,0,0,12.109375,3801.08173076923,-21594.3060133904,-12.109375,-146.95703125,6918.1278280543,131165.414303556,146.95703125,0,0,0,0,0,0,0,0,0,0,0,0
5.36146,0,0,0,495.73529,0,0,0,0,28.5625,3722.42647058824,-17795.3077332569,-28.5625,-114.5078125,7341.45220588235,95774.7461149443,114.5078125,0,0,0,0,0,0,0,0,0,0,0,0
5.36588,0,0,0,447.82449,0,0,0,0,44.296875,3559.81334841629,-36790.2991339243,-44.296875,-80.32421875,7733.844739819,88776.5913883827,80.32421875,0,0,0,0,0,0,0,0,0,0,0,0
5.3703,0,0,0,394.93088,0,0,0,0,58.78125,3277.00791855204,-63983.1289285642,-58.78125,-44.56640625,8090.0028280543,80578.7529944105,44.56640625,0,0,0,0,0,0,0,0,0,0,0,0
5.37472,0,0,0,337.64297,0,0,0,0,72.03125,2997.73755656109,-63183.339816957,-72.03125,-7.828125,8311.82833710407,50186.7667533426,7.828125,0,0,0,0,0,0,0,0,0,0,0,0
5.37914,0,0,0,276.59818,0,0,0,0,83.9453125,2695.48925339367,-68381.9690424029,-83.9453125,29.53125,8452.34728506787,31791.6171863803,-29.53125,0,0,0,0,0,0,0,0,0,0,0,0
5.38356,0,0,0,212.47574,0,0,0,0,93.34765625,2127.22709276018,-128566.099690834,-93.34765625,67.23828125,8531.00254524887,17795.3077332567,-67.23828125,0,0,0,0,0,0,0,0,0,0,0,0
5.38798,0,0,0,145.98914,0,0,0,0,101.0625,1745.43976244344,-86377.2240535615,-101.0625,104.73828125,8484.1628959276,-10597.2057287936,-104.73828125,0,0,0,0,0,0,0,0,0,0,0,0
5.3924,0,0,0,77.878159,0,0,0,0,106.63671875,1261.1354638009,-109571.108290166,-106.63671875,141.41796875,8298.57183257918,-41988.9283593702,-141.41796875,0,0,0,0,0,0,0,0,0,0,0,0
5.39682,0,0,0,8.900651,0,0,0,0,109.8359375,723.805147058823,-121567.944964272,-109.8359375,176.99609375,8049.34954751131,-56385.132368297,-176.99609375,0,0,0,0,0,0,0,0,0,0,0,0
5.40124,0,0,0,-60.175896,0,0,0,0,110.99609375,262.47878959276,-104372.47906472,-110.99609375,210.73828125,7633.97907239819,-93975.2206138284,-210.73828125,0,0,0,0,0,0,0,0,0,0,0,0
5.40566,0,0,0,-128.58289,0,0,0,0,110.99609375,0,-59384.3415368236,-110.99609375,242.22265625,7123.16176470588,-115569.526627219,-242.22265625,0,0,0,0,0,0,0,0,0,0,0,0
5.41008,0,0,0,-195.55916,0,0,0,0,109.5,-338.482748868778,-76579.8074363752,-109.5,270.8125,6468.29044117647,-148160.932925206,-270.8125,0,0,0,0,0,0,0,0,0,0,0,0
5.4145,0,0,0,-260.3595,0,0,0,0,106.4140625,-698.175904977375,-81378.5421060175,-106.4140625,296.40234375,5789.55740950226,-153559.509428554,-296.40234375,0,0,0,0,0,0,0,0,0,0,0,0
5.41892,0,0,0,-322.26288,0,0,0,0,103.29296875,-706.129807692308,-1799.52550111587,-103.29296875,317.99609375,4885.46380090498,-204546.065293503,-317.99609375,0,0,0,0,0,0,0,0,0,0,0,0
5.42334,0,0,0,-380.58051,0,0,0,0,99.8046875,-789.203902714932,-18795.0441227657,-99.8046875,335.50390625,3961.0435520362,-209144.852685244,-335.50390625,0,0,0,0,0,0,0,0,0,0,0,0
5.42776,0,0,0,-434.66354,0,0,0,0,96.41015625,-767.993495475113,4798.73466964231,-96.41015625,348.828125,3014.52912895928,-214143.534632788,-348.828125,0,0,0,0,0,0,0,0,0,0,0,0
5.43218,0,0,0,-483.91016,0,0,0,0,93.46484375,-666.360294117647,22993.9369587027,-93.46484375,357.04296875,1858.56193438914,-261531.039495506,-357.04296875,0,0,0,0,0,0,0,0,0,0,0,0
5.4366,0,0,0,-527.77246,0,0,0,0,90.703125,-624.823246606335,9397.52206138284,-90.703125,360.99609375,894.372171945701,-218142.480190823,-360.99609375,0,0,0,0,0,0,0,0,0,0,0,0
5.44102,0,0,0,-565.76233,0,0,0,0,88.71484375,-449.837386877828,39589.561024549,-88.71484375,360.99609375,0,-202346.645236584,-360.99609375,0,0,0,0,0,0,0,0,0,0,0,0
5.44544,0,0,0,-597.45709,0,0,0,0,87.27734375,-325.226244343891,28192.5661841486,-87.27734375,355.30078125,-1288.532239819,-291523.13118077,-355.30078125,0,0,0,0,0,0,0,0,0,0,0,0
5.44986,0,0,0,-622.50415,0,0,0,0,86,-288.991798642534,8197.83839397228,-86,344.73046875,-2391.47341628959,-249534.2028214,-344.73046875,0,0,0,0,0,0,0,0,0,0,0,0
5.45428,0,0,0,-640.62469,0,0,0,0,84.72265625,-288.991798642534,0,-84.72265625,330.28515625,-3268.17024886878,-198347.699678549,-330.28515625,0,0,0,0,0,0,0,0,0,0,0,0
5.4587,0,0,0,-651.61725,0,0,0,0,82.671875,-463.977658371041,-39589.561024549,-82.671875,311.88671875,-4162.54242081448,-202346.645236584,-311.88671875,0,0,0,0,0,0,0,0,0,0,0,0
5.46312,0,0,0,-655.35938,0,0,0,0,80.3046875,-535.56278280543,-16195.7295100428,-80.3046875,290.08984375,-4931.41968325792,-173954.131774534,-290.08984375,0,0,0,0,0,0,0,0,0,0,0,0
5.46754,0,0,0,-651.80945,0,0,0,0,77.39453125,-658.406391402715,-27792.671628345,-77.39453125,264.953125,-5687.04044117647,-170954.922606007,-264.953125,0,0,0,0,0,0,0,0,0,0,0,0
5.47196,0,0,0,-641.00708,0,0,0,0,73.41796875,-899.674773755656,-54585.6068671812,-73.41796875,237.24609375,-6268.55910633484,-131565.30885936,-237.24609375,0,0,0,0,0,0,0,0,0,0,0,0
5.47638,0,0,0,-623.07233,0,0,0,0,68.70703125,-1065.8229638009,-37590.0882455314,-68.70703125,206.76171875,-6896.91742081448,-142162.514588153,-206.76171875,0,0,0,0,0,0,0,0,0,0,0,0
5.4808,0,0,0,-598.20483,0,0,0,0,62.61328125,-1378.67647058824,-70781.336377224,-62.61328125,174.4375,-7313.17166289593,-94175.1678917303,-174.4375,0,0,0,0,0,0,0,0,0,0,0,0
5.48522,0,0,0,-566.68121,0,0,0,0,55.421875,-1627.01498868778,-56185.1850903954,-55.421875,140.4296875,-7694.07522624434,-86177.2767756596,-140.4296875,0,0,0,0,0,0,0,0,0,0,0,0
5.48964,0,0,0,-528.85229,0,0,0,0,46.55859375,-2005.26725113122,-85577.4349419545,-46.55859375,105.48046875,-7907.06306561086,-48187.2939743248,-105.48046875,0,0,0,0,0,0,0,0,0,0,0,0
5.49406,0,0,0,-485.13901,0,0,0,0,36.2890625,-2323.42335972851,-71981.0200446346,-36.2890625,69.93359375,-8042.27941176471,-30591.9335189698,-69.93359375,0,0,0,0,0,0,0,0,0,0,0,0
5.49848,0,0,0,-436.02768,0,0,0,0,23.90625,-2801.54128959276,-108171.477344854,-23.90625,33.953125,-8140.37754524887,-22194.1478470956,-33.953125,0,0,0,0,0,0,0,0,0,0,0,0
5.5029,0,0,0,-382.06476,0,0,0,0,10.2890625,-3080.81165158371,-63183.3398169571,-10.2890625,-1.66796875,-8059.0709841629,18395.1495669622,1.66796875,0,0,0,0,0,0,0,0,0,0,0,0
5.50732,0,0,0,-323.85071,0,0,0,0,-4.46875,-3338.87160633484,-58384.6051473148,4.46875,-36.87109375,-7964.50791855204,21394.3587354886,36.87109375,0,0,0,0,0,0,0,0,0,0,0,0
5.51174,0,0,0,-262.03326,0,0,0,0,-19.6953125,-3444.92364253394,-23993.6733482115,19.6953125,-71.08984375,-7741.79864253394,50386.7140312442,71.08984375,0,0,0,0,0,0,0,0,0,0,0,0
5.51616,0,0,0,-197.30023,0,0,0,0,-35.69921875,-3620.79326923077,-39789.5083024508,35.69921875,-104.01953125,-7450.15554298642,65982.6017075817,104.01953125,0,0,0,0,0,0,0,0,0,0,0,0
5.52058,0,0,0,-130.37189,0,0,0,0,-52.08203125,-3706.51866515837,-19394.885956471,52.08203125,-135.53515625,-7130.23190045249,72380.9146004382,135.53515625,0,0,0,0,0,0,0,0,0,0,0,0
5.525,0,0,0,-61.992935,0,0,0,0,-67.7734375,-3550.09191176471,35390.6681886121,67.7734375,-165.203125,-6712.21012443439,94575.0624475338,165.203125,0,0,0,0,0,0,0,0,0,0,0,0
5.52942,0,0,0,7.0758014,0,0,0,0,-83.328125,-3519.1600678733,6998.15472656163,83.328125,-193,-6288.88574660633,95774.7461149443,193,0,0,0,0,0,0,0,0,0,0,0,0
5.53384,0,0,0,76.065811,0,0,0,0,-98.20703125,-3366.26838235294,34590.879077005,98.20703125,-218.55078125,-5780.719739819,114969.684793514,218.55078125,0,0,0,0,0,0,0,0,0,0,0,0
5.53826,0,0,0,144.20944,0,0,0,0,-111.98046875,-3116.16233031674,56585.0796461989,111.98046875,-241.94921875,-5293.76414027149,110170.950123871,241.94921875,0,0,0,0,0,0,0,0,0,0,0,0
5.54268,0,0,0,210.7485,0,0,0,0,-123.73046875,-2658.37104072398,103572.689953113,123.73046875,-262.86328125,-4731.68834841629,127166.468745521,262.86328125,0,0,0,0,0,0,0,0,0,0,0,0
5.5471,0,0,0,274.94263,0,0,0,0,-133.859375,-2291.60774886878,82978.1203292317,133.859375,-281,-4103.33003393665,142162.514588153,281,0,0,0,0,0,0,0,0,0,0,0,0
5.55152,0,0,0,336.07751,0,0,0,0,-141.15234375,-1649.99292986425,145161.72375668,141.15234375,-296.50390625,-3507.67109728507,134764.465305788,296.50390625,0,0,0,0,0,0,0,0,0,0,0,0
5.55594,0,0,0,393.47296,0,0,0,0,-145.5,-983.632635746606,150760.247537929,145.5,-309.0859375,-2846.61340497738,149560.563870519,309.0859375,0,0,0,0,0,0,0,0,0,0,0,0
5.56036,0,0,0,446.49033,0,0,0,0,-147,-339.366515837104,145761.565590385,147,-318.78125,-2193.50961538462,147761.038369403,318.78125,0,0,0,0,0,0,0,0,0,0,0,0
5.56478,0,0,0,494.5397,0,0,0,0,-147,0,76779.7547142769,147,-325.44921875,-1508.59021493213,154959.140373866,325.44921875,0,0,0,0,0,0,0,0,0,0,0,0
5.5692,0,0,0,537.08649,0,0,0,0,-141.8046875,1175.4100678733,265929.879609345,141.8046875,-329,-803.344174208145,159557.927765607,329,0,0,0,0,0,0,0,0,0,0,0,0
5.57362,0,0,0,573.65723,0,0,0,0,-135.00390625,1538.6382918552,82178.3312176246,135.00390625,-330,-226.244343891403,130565.572469851,330,0,0,0,0,0,0,0,0,0,0,0,0
5.57804,0,0,0,603.84497,0,0,0,0,-126.6640625,1886.84247737557,78779.2274932946,126.6640625,-327.52734375,559.424490950226,177753.130054667,327.52734375,0,0,0,0,0,0,0,0,0,0,0,0
5.58246,0,0,0,627.31396,0,0,0,0,-116.59375,2278.35124434389,88576.6441104809,116.59375,-320.9453125,1489.14734162896,210344.536352654,320.9453125,0,0,0,0,0,0,0,0,0,0,0,0
5.58688,0,0,0,643.80298,0,0,0,0,-105.33203125,2547.90016968326,60983.9197600377,105.33203125,-310.9609375,2258.90837104072,174154.079052435,310.9609375,0,0,0,0,0,0,0,0,0,0,0,0
5.5913,0,0,0,653.12848,0,0,0,0,-92.1796875,2975.64338235294,96774.4825044532,92.1796875,-298.09765625,2910.24462669683,147361.143813599,298.09765625,0,0,0,0,0,0,0,0,0,0,0,0
5.59572,0,0,0,655.18689,0,0,0,0,-78.3046875,3139.14027149321,36990.2464118261,78.3046875,-282.33984375,3565.11595022624,148160.932925206,282.33984375,0,0,0,0,0,0,0,0,0,0,0,0
5.60014,0,0,0,649.95514,0,0,0,0,-63.00390625,3461.71521493213,72980.7564341434,63.00390625,-263.8828125,4175.79892533937,138163.569030118,263.8828125,0,0,0,0,0,0,0,0,0,0,0,0
5.60456,0,0,0,637.49152,0,0,0,0,-47.00390625,3619.90950226244,35790.5627444156,47.00390625,-242.72265625,4787.36566742081,138363.51630802,242.72265625,0,0,0,0,0,0,0,0,0,0,0,0
5.60898,0,0,0,617.93463,0,0,0,0,-30.4453125,3746.28817873303,28592.4607399521,30.4453125,-218.8828125,5393.62980769231,137163.832640609,218.8828125,0,0,0,0,0,0,0,0,0,0,0,0
5.6134,0,0,0,591.5022,0,0,0,0,-13.47265625,3839.96747737557,21194.4114575869,13.47265625,-192.5546875,5956.58936651584,127366.416023423,192.5546875,0,0,0,0,0,0,0,0,0,0,0,0
5.61782,0,0,0,558.48828,0,0,0,0,3.734375,3892.99349547511,11996.8366741057,-3.734375,-163.484375,6576.99377828054,140362.989087038,163.484375,0,0,0,0,0,0,0,0,0,0,0,0
5.62224,0,0,0,519.26019,0,0,0,0,20.19921875,3725.07777149321,-37989.982801335,-20.19921875,-132.4765625,7015.34219457014,99173.8498392744,132.4765625,0,0,0,0,0,0,0,0,0,0,0,0
5.62666,0,0,0,474.25439,0,0,0,0,36.3125,3645.53874434389,-17995.2550111586,-36.3125,-99.33203125,7498.76272624434,109371.161012264,99.33203125,0,0,0,0,0,0,0,0,0,0,0,0
5.63108,0,0,0,423.97171,0,0,0,0,51.7109375,3483.80938914027,-36590.3518560226,-51.7109375,-64.86328125,7798.35972850679,67782.1272086978,64.86328125,0,0,0,0,0,0,0,0,0,0,0,0
5.6355,0,0,0,368.97159,0,0,0,0,65.34765625,3085.23048642534,-90176.2223336951,-65.34765625,-28.82421875,8153.63404977375,80378.8057165085,28.82421875,0,0,0,0,0,0,0,0,0,0,0,0
5.63992,0,0,0,309.86603,0,0,0,0,77.765625,2809.49519230769,-62383.5507053501,-77.765625,8.0078125,8333.03874434389,40589.2974140578,-8.0078125,0,0,0,0,0,0,0,0,0,0,0,0
5.64434,0,0,0,247.31264,0,0,0,0,88.70703125,2475.43127828054,-75580.0710468663,-88.70703125,45.33984375,8446.16091628959,25593.2515714259,-45.33984375,0,0,0,0,0,0,0,0,0,0,0,0
5.64876,0,0,0,182.00748,0,0,0,0,97.37109375,1960.19513574661,-116569.263016728,-97.37109375,82.76171875,8466.48755656109,4598.7873917404,-82.76171875,0,0,0,0,0,0,0,0,0,0,0,0
5.65318,0,0,0,114.67716,0,0,0,0,104.140625,1531.5681561086,-96974.429782355,-104.140625,119.5703125,8327.73614253394,-31391.7226305766,-119.5703125,0,0,0,0,0,0,0,0,0,0,0,0
5.6576,0,0,0,46.070869,0,0,0,0,108.65234375,1020.75084841629,-115569.526627219,-108.65234375,155.84765625,8207.54383484163,-27192.8297946399,-155.84765625,0,0,0,0,0,0,0,0,0,0,0,0
5.66202,0,0,0,-23.048048,0,0,0,0,110.99609375,530.260180995475,-110970.739235478,-110.99609375,190.4609375,7831.05910633484,-85177.5403861509,-190.4609375,0,0,0,0,0,0,0,0,0,0,0,0
5.66644,0,0,0,-91.910515,0,0,0,0,110.99609375,0,-119968.366741058,-110.99609375,223.203125,7407.73472850679,-95774.7461149443,-223.203125,0,0,0,0,0,0,0,0,0,0,0,0
5.67086,0,0,0,-159.75032,0,0,0,0,110.99609375,0,0,-110.99609375,253.6015625,6877.47454751131,-119968.366741058,-253.6015625,0,0,0,0,0,0,0,0,0,0,0,0
5.67528,0,0,0,-225.81262,0,0,0,0,108.89453125,-475.466628959276,-107571.635511148,-108.89453125,280.99609375,6197.85774886878,-153759.456706456,-280.99609375,0,0,0,0,0,0,0,0,0,0,0,0
5.6797,0,0,0,-289.36237,0,0,0,0,105.734375,-714.967477375566,-54185.7123113777,-105.734375,304.8125,5388.32720588235,-183151.706558015,-304.8125,0,0,0,0,0,0,0,0,0,0,0,0
5.68412,0,0,0,-349.69244,0,0,0,0,102.2109375,-797.157805429864,-18595.096844864,-102.2109375,324.8203125,4526.65441176471,-194948.595954219,-324.8203125,0,0,0,0,0,0,0,0,0,0,0,0
5.68854,0,0,0,-406.13156,0,0,0,0,98.609375,-814.83314479638,-3998.94555803525,-98.609375,340.45703125,3537.71917420814,-223741.003972073,-340.45703125,0,0,0,0,0,0,0,0,0,0,0,0
5.69296,0,0,0,-458.05179,0,0,0,0,95.1484375,-783.017533936651,7198.10200446346,-95.1484375,351.421875,2480.7338800905,-239136.944370508,-351.421875,0,0,0,0,0,0,0,0,0,0,0,0
5.69738,0,0,0,-504.87537,0,0,0,0,92.26171875,-653.10378959276,29392.2498515591,-92.26171875,357.99609375,1487.37980769231,-224740.740361581,-357.99609375,0,0,0,0,0,0,0,0,0,0,0,0
5.7018,0,0,0,-546.0813,0,0,0,0,89.66796875,-586.821266968326,14996.0458426322,-89.66796875,359.99609375,452.488687782805,-234138.262422964,-359.99609375,0,0,0,0,0,0,0,0,0,0,0,0
5.70622,0,0,0,-581.21118,0,0,0,0,87.8125,-419.789309954751,37790.0355234332,-87.8125,358.5,-338.482748868778,-178952.813722078,-358.5,0,0,0,0,0,0,0,0,0,0,0,0
5.71064,0,0,0,-609.87402,0,0,0,0,86.23046875,-357.925622171946,13996.3094531234,-86.23046875,350.55078125,-1798.46578054299,-330312.903093712,-350.55078125,0,0,0,0,0,0,0,0,0,0,0,0
5.71506,0,0,0,-631.75098,0,0,0,0,84.83203125,-316.388574660633,9397.52206138285,-84.83203125,338.29296875,-2773.26074660633,-220541.847525644,-338.29296875,0,0,0,0,0,0,0,0,0,0,0,0
5.71948,0,0,0,-646.59857,0,0,0,0,82.7890625,-462.210124434389,-32991.3008537909,-82.7890625,322.1484375,-3652.6088800905,-198947.541512254,-322.1484375,0,0,0,0,0,0,0,0,0,0,0,0
5.7239,0,0,0,-654.25165,0,0,0,0,80.5859375,-498.444570135747,-8197.83839397228,-80.5859375,302.40234375,-4467.44202488688,-184351.390225425,-302.40234375,0,0,0,0,0,0,0,0,0,0,0,0
5.72832,0,0,0,-654.625,0,0,0,0,77.9453125,-597.426470588235,-22394.0951249974,-77.9453125,279.19921875,-5249.5757918552,-176953.34094306,-279.19921875,0,0,0,0,0,0,0,0,0,0,0,0
5.73274,0,0,0,-647.71454,0,0,0,0,74.4375,-793.622737556561,-44388.2956941913,-74.4375,253.203125,-5881.46917420814,-142962.30369976,-253.203125,0,0,0,0,0,0,0,0,0,0,0,0
5.73716,0,0,0,-633.59711,0,0,0,0,70.13671875,-973.027432126697,-40589.2974140579,-70.13671875,224,-6607.04185520362,-164156.715157347,-224,0,0,0,0,0,0,0,0,0,0,0,0
5.74158,0,0,0,-612.42975,0,0,0,0,64.8125,-1204.57437782805,-52386.1868102618,-64.8125,192.8515625,-7047.15780542986,-99573.7443950777,-192.8515625,0,0,0,0,0,0,0,0,0,0,0,0
5.746,0,0,0,-584.44812,0,0,0,0,58.25,-1484.72850678733,-63383.2870948588,-58.25,159.8359375,-7469.59841628959,-95574.7988370427,-159.8359375,0,0,0,0,0,0,0,0,0,0,0,0
5.75042,0,0,0,-549.96344,0,0,0,0,50.25390625,-1809.0709841629,-73380.650989947,-50.25390625,125.55078125,-7756.82268099547,-64982.865318073,-125.55078125,0,0,0,0,0,0,0,0,0,0,0,0
5.75484,0,0,0,-509.35944,0,0,0,0,40.58984375,-2186.43947963801,-85377.4876640527,-40.58984375,90.07421875,-8026.37160633484,-60983.9197600376,-90.07421875,0,0,0,0,0,0,0,0,0,0,0,0
5.75926,0,0,0,-463.08795,0,0,0,0,29.46484375,-2516.96832579186,-74780.2819352593,-29.46484375,54.31640625,-8090.0028280543,-14396.204008927,-54.31640625,0,0,0,0,0,0,0,0,0,0,0,0
5.76368,0,0,0,-411.66379,0,0,0,0,16.52734375,-2927.03619909502,-92775.5369464179,-16.52734375,18.31640625,-8144.7963800905,-12396.7312299093,-18.31640625,0,0,0,0,0,0,0,0,0,0,0,0
5.7681,0,0,0,-355.65912,0,0,0,0,2.49609375,-3174.49095022624,-55985.2378124936,-2.49609375,-17.15234375,-8024.60407239819,27192.8297946397,17.15234375,0,0,0,0,0,0,0,0,0,0,0,0
5.77252,0,0,0,-295.69714,0,0,0,0,-12.52734375,-3398.967760181,-50786.6085870478,12.52734375,-52,-7884.08512443439,31791.6171863803,52,0,0,0,0,0,0,0,0,0,0,0,0
5.77694,0,0,0,-232.44504,0,0,0,0,-28.0078125,-3502.36849547511,-23393.8315145062,28.0078125,-85.78515625,-7643.70050904977,54385.6595892795,85.78515625,0,0,0,0,0,0,0,0,0,0,0,0
5.78136,0,0,0,-166.60655,0,0,0,0,-43.7421875,-3559.81334841629,-12996.5730636146,43.7421875,-118.2265625,-7339.6846719457,68781.8635982064,118.2265625,0,0,0,0,0,0,0,0,0,0,0,0
5.78578,0,0,0,-98.914284,0,0,0,0,-59.60546875,-3588.97765837104,-6598.26017075813,59.60546875,-149.171875,-7001.20192307692,76579.8074363751,149.171875,0,0,0,0,0,0,0,0,0,0,0,0
5.7902,0,0,0,-30.12142,0,0,0,0,-75.171875,-3521.81136877828,15195.993120534,75.171875,-178.18359375,-6563.73727375566,98973.9025613728,178.18359375,0,0,0,0,0,0,0,0,0,0,0,0
5.79462,0,0,0,39.006599,0,0,0,0,-90.23046875,-3406.92166289593,25993.1461272291,90.23046875,-205.3671875,-6150.13433257919,93575.3260580249,205.3671875,0,0,0,0,0,0,0,0,0,0,0,0
5.79904,0,0,0,107.7006,0,0,0,0,-104.3515625,-3194.81759049774,47987.3466964231,104.3515625,-230.16015625,-5609.2689479638,122367.734075879,230.16015625,0,0,0,0,0,0,0,0,0,0,0,0
5.80346,0,0,0,175.19624,0,0,0,0,-117.07421875,-2878.4290158371,71581.1254888311,117.07421875,-252.56640625,-5069.28733031674,122167.786797977,252.56640625,0,0,0,0,0,0,0,0,0,0,0,0
5.80788,0,0,0,240.74252,0,0,0,0,-127.8671875,-2441.84813348416,98773.9552834709,127.8671875,-272.3125,-4467.44202488688,136164.096251101,272.3125,0,0,0,0,0,0,0,0,0,0,0,0
5.8123,0,0,0,303.61011,0,0,0,0,-136.25390625,-1897.44768099547,123167.523187486,136.25390625,-289.25390625,-3832.89734162896,143562.145533466,289.25390625,0,0,0,0,0,0,0,0,0,0,0,0
5.81672,0,0,0,363.09952,0,0,0,0,-142,-1300.02121040724,135164.359861592,142,-303.62890625,-3252.26244343891,131365.361581458,303.62890625,0,0,0,0,0,0,0,0,0,0,0,0
5.82114,0,0,0,418.5488,0,0,0,0,-144.97265625,-672.546662895928,141962.567310252,144.97265625,-314.734375,-2512.54949095023,167355.871603776,314.734375,0,0,0,0,0,0,0,0,0,0,0,0
5.82556,0,0,0,469.341,0,0,0,0,-145,-6.18636877828054,150760.247537929,145,-323.1484375,-1903.63404977376,137763.674474315,323.1484375,0,0,0,0,0,0,0,0,0,0,0,0
5.82998,0,0,0,514.91095,0,0,0,0,-142.58203125,547.051753393665,125166.995966504,142.58203125,-328.37890625,-1183.36397058824,162957.031489937,328.37890625,0,0,0,0,0,0,0,0,0,0,0,0
5.8344,0,0,0,554.75165,0,0,0,0,-136.93359375,1277.9270361991,165356.398824758,136.93359375,-330,-366.763291855204,184751.284781229,330,0,0,0,0,0,0,0,0,0,0,0,0
5.83882,0,0,0,588.41974,0,0,0,0,-129.484375,1685.34360859728,92175.6951127126,129.484375,-330,0,82978.1203292316,330,0,0,0,0,0,0,0,0,0,0,0,0
5.84324,0,0,0,615.54059,0,0,0,0,-120.73046875,1980.5217760181,66782.3908191888,120.73046875,-325.37890625,1045.49632352941,236537.629757785,325.37890625,0,0,0,0,0,0,0,0,0,0,0,0
5.84766,0,0,0,635.8125,0,0,0,0,-110.48828125,2317.23699095023,76179.9128805717,110.48828125,-316.89453125,1919.54185520362,197747.857844843,316.89453125,0,0,0,0,0,0,0,0,0,0,0,0
5.85208,0,0,0,649.00989,0,0,0,0,-98.59765625,2690.18665158371,84377.7512745438,98.59765625,-305.42578125,2594.73981900452,152759.720316947,305.42578125,0,0,0,0,0,0,0,0,0,0,0,0
5.8565,0,0,0,654.98596,0,0,0,0,-85.37890625,2990.66742081448,67982.0744865994,85.37890625,-290.82421875,3303.52092760181,160357.716877214,290.82421875,0,0,0,0,0,0,0,0,0,0,0,0
5.86092,0,0,0,653.67407,0,0,0,0,-71,3253.14621040724,59384.3415368236,71,-273.67578125,3879.73699095023,130365.625191949,273.67578125,0,0,0,0,0,0,0,0,0,0,0,0
5.86534,0,0,0,645.08899,0,0,0,0,-55.671875,3467.90158371041,48587.1885301283,55.671875,-253.66796875,4526.65441176471,146361.40742409,253.66796875,0,0,0,0,0,0,0,0,0,0,0,0
5.86976,0,0,0,629.32611,0,0,0,0,-39.58984375,3638.46860859728,38589.8246350402,39.58984375,-231.00390625,5127.61595022624,135964.148973199,231.00390625,0,0,0,0,0,0,0,0,0,0,0,0
5.87418,0,0,0,606.56091,0,0,0,0,-23.03515625,3745.40441176471,24193.6206261132,23.03515625,-205.7265625,5718.8560520362,133764.728916279,205.7265625,0,0,0,0,0,0,0,0,0,0,0,0
5.8786,0,0,0,577.04663,0,0,0,0,-6.38671875,3766.61481900452,4798.73466964236,6.38671875,-178.0390625,6264.14027149321,123367.470465388,178.0390625,0,0,0,0,0,0,0,0,0,0,0,0
5.88302,0,0,0,541.11169,0,0,0,0,10.48046875,3816.10576923077,11197.0475624987,-10.48046875,-147.828125,6835.05373303167,129165.941524539,147.828125,0,0,0,0,0,0,0,0,0,0,0,0
5.88744,0,0,0,499.15598,0,0,0,0,27.0390625,3746.28817873303,-15795.8349542392,-27.0390625,-115.7109375,7266.33201357466,97574.2716160602,115.7109375,0,0,0,0,0,0,0,0,0,0,0,0
5.89186,0,0,0,451.64627,0,0,0,0,42.6640625,3535.06787330317,-47787.3994185213,-42.6640625,-81.96484375,7634.86283936651,83378.0148850351,81.96484375,0,0,0,0,0,0,0,0,0,0,0,0
5.89628,0,0,0,399.11121,0,0,0,0,57.2890625,3308.82352941176,-51186.5031428513,-57.2890625,-46.640625,7991.90469457013,80778.7002723122,46.640625,0,0,0,0,0,0,0,0,0,0,0,0
5.9007,0,0,0,342.13531,0,0,0,0,70.765625,3048.99604072398,-58784.4997031182,-70.765625,-10.27734375,8226.9867081448,53185.975921869,10.27734375,0,0,0,0,0,0,0,0,0,0,0,0
5.90512,0,0,0,281.35257,0,0,0,0,82.6171875,2681.34898190045,-83178.0676071334,-82.6171875,26.80859375,8390.48359728507,36990.2464118261,-26.80859375,0,0,0,0,0,0,0,0,0,0,0,0
5.90954,0,0,0,217.43929,0,0,0,0,92.72265625,2286.30514705882,-89376.4332220879,-92.72265625,64.12890625,8443.50961538462,11996.836674106,-64.12890625,0,0,0,0,0,0,0,0,0,0,0,0
5.91396,0,0,0,151.10661,0,0,0,0,100.80859375,1829.39762443439,-103372.742675211,-100.80859375,101.2421875,8396.66996606335,-10597.2057287936,-101.2421875,0,0,0,0,0,0,0,0,0,0,0,0
5.91838,0,0,0,83.092621,0,0,0,0,106.796875,1354.81476244344,-107371.688233247,-106.796875,137.7421875,8257.9185520362,-31391.7226305766,-137.7421875,0,0,0,0,0,0,0,0,0,0,0,0
5.9228,0,0,0,14.154071,0,0,0,0,110.5078125,839.578619909502,-116569.263016728,-110.5078125,173.16015625,8013.11510180995,-55385.3959787883,-173.16015625,0,0,0,0,0,0,0,0,0,0,0,0
5.92722,0,0,0,-54.941967,0,0,0,0,111.99609375,336.715214932127,-113770.001126103,-111.99609375,206.73046875,7595.09332579186,-94575.0624475338,-206.73046875,0,0,0,0,0,0,0,0,0,0,0,0
5.93164,0,0,0,-123.42668,0,0,0,0,111.99609375,0,-76179.9128805716,-111.99609375,238.27734375,7137.30203619909,-103572.689953113,-238.27734375,0,0,0,0,0,0,0,0,0,0,0,0
5.93606,0,0,0,-190.53806,0,0,0,0,111.99609375,0,0,-111.99609375,267.1484375,6531.92166289593,-136963.885362708,-267.1484375,0,0,0,0,0,0,0,0,0,0,0,0
5.94048,0,0,0,-255.52936,0,0,0,0,108.72265625,-740.596719457013,-167555.818881677,-108.72265625,292.85546875,5816.07041855204,-161957.295100428,-292.85546875,0,0,0,0,0,0,0,0,0,0,0,0
5.9449,0,0,0,-317.67746,0,0,0,0,105.40234375,-751.201923076923,-2399.36733482115,-105.40234375,314.67578125,4936.72228506787,-198947.541512254,-314.67578125,0,0,0,0,0,0,0,0,0,0,0,0
5.94932,0,0,0,-376.29083,0,0,0,0,101.8046875,-813.949377828054,-14196.2567310252,-101.8046875,332.72265625,4083.00339366516,-193149.070453103,-332.72265625,0,0,0,0,0,0,0,0,0,0,0,0
5.95374,0,0,0,-430.71732,0,0,0,0,98.0546875,-848.41628959276,-7797.94383816875,-98.0546875,346.125,3032.20446832579,-237737.313425196,-346.125,0,0,0,0,0,0,0,0,0,0,0,0
5.95816,0,0,0,-480.35132,0,0,0,0,94.62109375,-776.831165158371,16195.7295100428,-94.62109375,355.05859375,2021.17505656109,-228739.685919617,-355.05859375,0,0,0,0,0,0,0,0,0,0,0,0
5.96258,0,0,0,-524.64056,0,0,0,0,91.59375,-684.919400452489,20794.5169017833,-91.59375,359.08984375,912.047511312217,-250933.833766712,-359.08984375,0,0,0,0,0,0,0,0,0,0,0,0
5.967,0,0,0,-563.09229,0,0,0,0,89.32421875,-513.468608597285,38789.771912942,-89.32421875,359.99609375,205.033936651584,-159957.82232141,-359.99609375,0,0,0,0,0,0,0,0,0,0,0,0
5.97142,0,0,0,-595.27856,0,0,0,0,87.5234375,-407.41657239819,23993.6733482116,-87.5234375,354.96875,-1137.40808823529,-303719.915132778,-354.96875,0,0,0,0,0,0,0,0,0,0,0,0
5.97584,0,0,0,-620.84137,0,0,0,0,85.84375,-380.019796380091,6198.36561495464,-85.84375,344.96484375,-2263.32720588235,-254732.832046846,-344.96484375,0,0,0,0,0,0,0,0,0,0,0,0
5.98026,0,0,0,-639.49622,0,0,0,0,83.93359375,-432.162047511312,-11796.889396204,-83.93359375,330.97265625,-3165.65328054299,-204146.1707377,-330.97265625,0,0,0,0,0,0,0,0,0,0,0,0
5.98468,0,0,0,-651.03558,0,0,0,0,81.87890625,-464.861425339366,-7398.04928236521,-81.87890625,313.15625,-4030.86114253394,-195748.385065826,-313.15625,0,0,0,0,0,0,0,0,0,0,0,0
5.9891,0,0,0,-655.33099,0,0,0,0,79.34375,-573.564762443439,-24593.5151819168,-79.34375,291.796875,-4832.43778280543,-181352.181056899,-291.796875,0,0,0,0,0,0,0,0,0,0,0,0
5.99352,0,0,0,-652.33472,0,0,0,0,76.37109375,-672.546662895928,-22394.0951249974,-76.37109375,267.2421875,-5555.35916289593,-163556.873323642,-267.2421875,0,0,0,0,0,0,0,0,0,0,0,0
5.99794,0,0,0,-642.08008,0,0,0,0,72.19140625,-945.630656108597,-61783.7088716447,-72.19140625,239.69140625,-6233.20842760181,-153359.562150652,-239.69140625,0,0,0,0,0,0,0,0,0,0,0,0
6.00236,0,0,0,-624.68115,0,0,0,0,67.24609375,-1118.84898190045,-39189.6664687455,-67.24609375,209.7265625,-6779.37641402715,-123567.417743289,-209.7265625,0,0,0,0,0,0,0,0,0,0,0,0
6.00678,0,0,0,-600.3316,0,0,0,0,61.515625,-1296.48614253394,-40189.4028582543,-61.515625,177.62890625,-7261.91317873303,-109171.213734363,-177.62890625,0,0,0,0,0,0,0,0,0,0,0,0
6.0112,0,0,0,-569.30225,0,0,0,0,54.0703125,-1684.45984162896,-87776.8549988739,-54.0703125,143.76171875,-7662.25961538462,-90576.1168894986,-143.76171875,0,0,0,0,0,0,0,0,0,0,0,0
6.01562,0,0,0,-531.93848,0,0,0,0,45.453125,-1949.5899321267,-59984.1833705289,-45.453125,108.91796875,-7883.20135746606,-49986.8194754407,-108.91796875,0,0,0,0,0,0,0,0,0,0,0,0
6.02004,0,0,0,-488.65588,0,0,0,0,34.88671875,-2390.58964932127,-99773.6916729796,-34.88671875,73.3046875,-8057.30345022624,-39389.6137466471,-73.3046875,0,0,0,0,0,0,0,0,0,0,0,0
6.02446,0,0,0,-439.93619,0,0,0,0,22.90234375,-2711.39705882353,-72580.8618783399,-22.90234375,37.49609375,-8101.49179864253,-9997.36389508823,-37.49609375,0,0,0,0,0,0,0,0,0,0,0,0
6.02888,0,0,0,-386.32144,0,0,0,0,9.6328125,-3002.15639140271,-65782.65442968,-9.6328125,1.61328125,-8118.28337104072,-3798.99828013339,-1.61328125,0,0,0,0,0,0,0,0,0,0,0,0
6.0333,0,0,0,-328.40817,0,0,0,0,-5,-3310.59106334842,-69781.5999877152,5,-33.6015625,-7967.15921945701,34190.9845212014,33.6015625,0,0,0,0,0,0,0,0,0,0,0,0
6.03772,0,0,0,-266.84079,0,0,0,0,-20.06640625,-3408.68919683258,-22194.1478470957,20.06640625,-68.03125,-7789.52205882353,40189.4028582543,68.03125,0,0,0,0,0,0,0,0,0,0,0,0
6.04214,0,0,0,-202.30432,0,0,0,0,-35.5546875,-3504.13602941176,-21594.3060133904,35.5546875,-101.3046875,-7527.92703619909,59184.3942589217,101.3046875,0,0,0,0,0,0,0,0,0,0,0,0
6.04656,0,0,0,-135.51688,0,0,0,0,-51.453125,-3596.93156108597,-20994.4641796851,51.453125,-133.12109375,-7198.28195701357,74580.3346573576,133.12109375,0,0,0,0,0,0,0,0,0,0,0,0
6.05098,0,0,0,-67.221573,0,0,0,0,-67.12109375,-3544.78930995475,11796.889396204,67.12109375,-163.2890625,-6825.33229638009,84377.7512745439,163.2890625,0,0,0,0,0,0,0,0,0,0,0,0
6.0554,0,0,0,1.8216895,0,0,0,0,-82.4140625,-3459.94768099547,19194.9386785692,82.4140625,-191.64453125,-6415.26442307692,92775.5369464179,191.64453125,0,0,0,0,0,0,0,0,0,0,0,0
6.05982,0,0,0,70.844681,0,0,0,0,-97.0625,-3314.12613122172,32991.3008537909,97.0625,-217.5234375,-5854.95616515837,126766.574189718,217.5234375,0,0,0,0,0,0,0,0,0,0,0,0
6.06424,0,0,0,139.07941,0,0,0,0,-110.3671875,-3010.11029411765,68781.8635982064,110.3671875,-241.2734375,-5373.30316742081,108971.266456461,241.2734375,0,0,0,0,0,0,0,0,0,0,0,0
6.06866,0,0,0,205.76663,0,0,0,0,-122.125,-2660.13857466063,79179.1220490981,122.125,-262.50390625,-4803.27347285068,128965.994246637,262.50390625,0,0,0,0,0,0,0,0,0,0,0,0
6.07308,0,0,0,270.16434,0,0,0,0,-131.73046875,-2173.18297511312,110170.950123871,131.73046875,-281,-4184.63659502262,139963.094531234,281,0,0,0,0,0,0,0,0,0,0,0,0
6.0775,0,0,0,331.556,0,0,0,0,-139.09375,-1665.90073529412,114769.737515612,139.09375,-296.79296875,-3573.06985294118,138363.51630802,296.79296875,0,0,0,0,0,0,0,0,0,0,0,0
6.08192,0,0,0,389.25851,0,0,0,0,-143.66015625,-1033.12358597285,143162.250977662,143.66015625,-309.6953125,-2919.08229638009,147960.985647305,309.6953125,0,0,0,0,0,0,0,0,0,0,0,0
6.08634,0,0,0,442.62985,0,0,0,0,-145,-303.132070135747,165156.451546856,145,-319.796875,-2285.4213800905,143362.198255564,319.796875,0,0,0,0,0,0,0,0,0,0,0,0
6.09076,0,0,0,491.07614,0,0,0,0,-145,0,68581.9163203046,145,-326.49609375,-1515.66035067873,174154.079052435,326.49609375,0,0,0,0,0,0,0,0,0,0,0,0
6.09518,0,0,0,534.05835,0,0,0,0,-140.42578125,1034.8911199095,234138.262422964,140.42578125,-330,-792.738970588235,163556.873323642,330,0,0,0,0,0,0,0,0,0,0,0,0
6.0996,0,0,0,571.09827,0,0,0,0,-134.32421875,1380.44400452489,78179.3856595893,134.32421875,-331,-226.244343891403,128166.20513503,331,0,0,0,0,0,0,0,0,0,0,0,0
6.10402,0,0,0,601.78363,0,0,0,0,-126.24609375,1827.63009049774,101173.322618292,126.24609375,-328.96484375,460.442590497738,155359.03492967,328.96484375,0,0,0,0,0,0,0,0,0,0,0,0
6.10844,0,0,0,625.77319,0,0,0,0,-116.48046875,2209.41742081448,86377.2240535616,116.48046875,-322.265625,1515.66035067873,238737.049814705,322.265625,0,0,0,0,0,0,0,0,0,0,0,0
6.11286,0,0,0,642.79987,0,0,0,0,-105.6640625,2447.15073529412,53785.8177555742,105.6640625,-312.40625,2230.6278280543,161757.347822526,312.40625,0,0,0,0,0,0,0,0,0,0,0,0
6.11728,0,0,0,652.67432,0,0,0,0,-93.19140625,2821.86792986425,84777.6458303474,93.19140625,-299.23828125,2979.17845022624,169355.344382793,299.23828125,0,0,0,0,0,0,0,0,0,0,0,0
6.1217,0,0,0,655.28656,0,0,0,0,-79.3984375,3120.58116515837,67582.1799307958,79.3984375,-283.51953125,3556.27828054299,130565.572469851,283.51953125,0,0,0,0,0,0,0,0,0,0,0,0
6.12612,0,0,0,650.60767,0,0,0,0,-64.66796875,3332.68523755656,47987.3466964231,64.66796875,-265.3046875,4121.00537330317,127766.310579227,265.3046875,0,0,0,0,0,0,0,0,0,0,0,0
6.13054,0,0,0,638.68958,0,0,0,0,-49.00390625,3543.90554298643,47787.3994185213,49.00390625,-243.91015625,4840.39168552036,162757.084212035,243.91015625,0,0,0,0,0,0,0,0,0,0,0,0
6.13496,0,0,0,619.66492,0,0,0,0,-32.69921875,3688.84332579186,32791.3535758891,32.69921875,-220.09765625,5387.44343891403,123767.365021191,220.09765625,0,0,0,0,0,0,0,0,0,0,0,0
6.13938,0,0,0,593.74548,0,0,0,0,-15.98046875,3782.52262443439,21194.4114575869,15.98046875,-193.74609375,5961.89196832579,129965.730636146,193.74609375,0,0,0,0,0,0,0,0,0,0,0,0
6.1438,0,0,0,561.21954,0,0,0,0,0.83203125,3803.73303167421,4798.73466964226,-0.83203125,-164.8046875,6547.82946832579,132565.045248869,164.8046875,0,0,0,0,0,0,0,0,0,0,0,0
6.14822,0,0,0,522.44904,0,0,0,0,17.28515625,3722.42647058824,-18395.1495669621,-17.28515625,-133.77734375,7019.76102941176,106771.846399541,133.77734375,0,0,0,0,0,0,0,0,0,0,0,0
6.15264,0,0,0,477.86539,0,0,0,0,33.3203125,3627.86340497738,-21394.3587354886,-33.3203125,-100.8203125,7456.34191176471,98773.9552834709,100.8203125,0,0,0,0,0,0,0,0,0,0,0,0
6.15706,0,0,0,427.96466,0,0,0,0,48.62890625,3463.48274886878,-37190.193689728,-48.62890625,-66.296875,7810.73246606335,80178.8584386068,66.296875,0,0,0,0,0,0,0,0,0,0,0,0
6.16148,0,0,0,373.30206,0,0,0,0,62.62109375,3165.65328054299,-67382.2326528941,-62.62109375,-30.484375,8102.37556561086,65982.6017075817,30.484375,0,0,0,0,0,0,0,0,0,0,0,0
6.1659,0,0,0,314.48584,0,0,0,0,75.53515625,2921.73359728507,-55185.4487008865,-75.53515625,6.16796875,8292.38546380091,42988.6647488793,-6.16796875,0,0,0,0,0,0,0,0,0,0,0,0
6.17032,0,0,0,252.17039,0,0,0,0,86.421875,2463.05854072398,-103772.637231015,-86.421875,43.47265625,8439.97454751131,33391.1954095944,-43.47265625,0,0,0,0,0,0,0,0,0,0,0,0
6.17474,0,0,0,187.04913,0,0,0,0,95.58984375,2074.20107466063,-87976.8022767757,-95.58984375,80.84375,8454.99858597285,3399.10372432968,-80.84375,0,0,0,0,0,0,0,0,0,0,0,0
6.17916,0,0,0,119.8466,0,0,0,0,102.828125,1637.62019230769,-98773.9552834709,-102.828125,117.55078125,8304.75820135746,-33991.0372432997,-117.55078125,0,0,0,0,0,0,0,0,0,0,0,0
6.18358,0,0,0,51.310577,0,0,0,0,107.99609375,1169.22369909502,-105972.057287934,-107.99609375,153.5859375,8152.75028280543,-34390.931799103,-153.5859375,0,0,0,0,0,0,0,0,0,0,0,0
6.188,0,0,0,-17.796368,0,0,0,0,110.53125,573.564762443439,-134764.465305788,-110.53125,188.328125,7860.22341628959,-66182.5489854836,-188.328125,0,0,0,0,0,0,0,0,0,0,0,0
6.19242,0,0,0,-86.705299,0,0,0,0,110.99609375,105.168269230769,-105972.057287934,-110.99609375,220.99609375,7390.9431561086,-106172.004565836,-220.99609375,0,0,0,0,0,0,0,0,0,0,0,0
6.19684,0,0,0,-154.64948,0,0,0,0,110.99609375,0,-23793.7260703098,-110.99609375,251.09765625,6810.30825791855,-131365.361581458,-251.09765625,0,0,0,0,0,0,0,0,0,0,0,0
6.20126,0,0,0,-220.87291,0,0,0,0,109.5,-338.482748868778,-76579.8074363752,-109.5,278.296875,6153.66940045249,-148560.82748101,-278.296875,0,0,0,0,0,0,0,0,0,0,0,0
6.20568,0,0,0,-284.63876,0,0,0,0,106.50390625,-677.849264705882,-76779.7547142769,-106.50390625,302.19140625,5406.00254524887,-169155.397104891,-302.19140625,0,0,0,0,0,0,0,0,0,0,0,0
6.2101,0,0,0,-345.23749,0,0,0,0,103.2734375,-730.87528280543,-11996.8366741058,-103.2734375,322.39453125,4570.842760181,-188950.177617166,-322.39453125,0,0,0,0,0,0,0,0,0,0,0,0
6.21452,0,0,0,-401.99484,0,0,0,0,99.609375,-828.973416289593,-22194.1478470957,-99.609375,338.27734375,3593.39649321267,-221141.68935935,-338.27734375,0,0,0,0,0,0,0,0,0,0,0,0
6.21894,0,0,0,-454.27933,0,0,0,0,96.00390625,-815.716911764706,2999.20916852644,-96.00390625,349.66796875,2577.06447963801,-229939.369587027,-349.66796875,0,0,0,0,0,0,0,0,0,0,0,0
6.22336,0,0,0,-501.50912,0,0,0,0,92.9140625,-699.059671945701,26393.0406830327,-92.9140625,356.49609375,1544.82466063348,-233538.420589259,-356.49609375,0,0,0,0,0,0,0,0,0,0,0,0
6.22778,0,0,0,-543.15875,0,0,0,0,89.97265625,-665.476527149321,7597.99656026699,-89.97265625,358.6953125,497.560803167421,-236937.524313589,-358.6953125,0,0,0,0,0,0,0,0,0,0,0,0
6.2322,0,0,0,-578.76483,0,0,0,0,87.71875,-509.933540723982,35190.7209107103,-87.71875,357.5,-270.432692307692,-173754.184496632,-357.5,0,0,0,0,0,0,0,0,0,0,0,0
6.23662,0,0,0,-607.93109,0,0,0,0,86,-388.857466063348,27392.7770725415,-86,349.78515625,-1745.43976244344,-333712.006818042,-349.78515625,0,0,0,0,0,0,0,0,0,0,0,0
6.24104,0,0,0,-630.33307,0,0,0,0,84.3203125,-380.019796380091,1999.47277901762,-84.3203125,337.828125,-2705.21069004525,-217142.743801314,-337.828125,0,0,0,0,0,0,0,0,0,0,0,0
6.24546,0,0,0,-645.7215,0,0,0,0,82.15234375,-490.490667420814,-24993.4097377203,-82.15234375,321.9921875,-3582.79128959276,-198547.64695645,-321.9921875,0,0,0,0,0,0,0,0,0,0,0,0
6.24988,0,0,0,-653.92517,0,0,0,0,79.75390625,-542.632918552036,-11796.889396204,-79.75390625,302.5,-4409.9971719457,-187150.65211605,-302.5,0,0,0,0,0,0,0,0,0,0,0,0
6.2543,0,0,0,-654.85272,0,0,0,0,76.96875,-630.12584841629,-19794.7805122745,-76.96875,279.54296875,-5193.89847285068,-177353.235498864,-279.54296875,0,0,0,0,0,0,0,0,0,0,0,0
6.25872,0,0,0,-648.49396,0,0,0,0,73.32421875,-824.554581447964,-43988.4011383878,-73.32421875,253.6875,-5849.65356334842,-148360.880203108,-253.6875,0,0,0,0,0,0,0,0,0,0,0,0
6.26314,0,0,0,-634.91949,0,0,0,0,68.94140625,-991.586538461538,-37790.0355234332,-68.94140625,224.70703125,-6556.66713800905,-159957.82232141,-224.70703125,0,0,0,0,0,0,0,0,0,0,0,0
6.26756,0,0,0,-614.28046,0,0,0,0,63.38671875,-1256.71662895928,-59984.1833705289,-63.38671875,193.7734375,-6998.55062217195,-99973.6389508814,-193.7734375,0,0,0,0,0,0,0,0,0,0,0,0
6.27198,0,0,0,-586.80652,0,0,0,0,56.7578125,-1499.75254524887,-54985.5014229848,-56.7578125,160.7265625,-7476.6685520362,-108171.477344854,-160.7265625,0,0,0,0,0,0,0,0,0,0,0,0
6.2764,0,0,0,-552.80328,0,0,0,0,48.77734375,-1805.53591628959,-69181.7581540099,-48.77734375,126.53125,-7736.49604072398,-58784.4997031182,-126.53125,0,0,0,0,0,0,0,0,0,0,0,0
6.28082,0,0,0,-512.64917,0,0,0,0,39.2890625,-2146.66996606335,-77179.6492700804,-39.2890625,91.203125,-7992.78846153846,-57984.7105915112,-91.203125,0,0,0,0,0,0,0,0,0,0,0,0
6.28524,0,0,0,-466.79089,0,0,0,0,28.32421875,-2480.7338800905,-75580.0710468664,-28.32421875,55.37109375,-8106.79440045249,-25793.1988493274,-55.37109375,0,0,0,0,0,0,0,0,0,0,0,0
6.28966,0,0,0,-415.7388,0,0,0,0,15.5234375,-2896.10435520362,-93975.2206138286,-15.5234375,19.5,-8115.63207013575,-1999.47277901773,-19.5,0,0,0,0,0,0,0,0,0,0,0,0
6.29408,0,0,0,-360.06085,0,0,0,0,1.734375,-3119.69739819005,-50586.661309146,-1.734375,-16.12109375,-8059.0709841629,12796.625785713,16.12109375,0,0,0,0,0,0,0,0,0,0,0,0
6.2985,0,0,0,-300.37662,0,0,0,0,-13.1328125,-3363.61708144796,-55185.4487008866,13.1328125,-50.8203125,-7850.50197963801,47187.557584816,50.8203125,0,0,0,0,0,0,0,0,0,0,0,0
6.30292,0,0,0,-237.35016,0,0,0,0,-28.515625,-3480.27432126697,-26393.0406830326,28.515625,-84.890625,-7708.21549773756,32191.5117421838,84.890625,0,0,0,0,0,0,0,0,0,0,0,0
6.30734,0,0,0,-171.68277,0,0,0,0,-44.21484375,-3551.85944570136,-16195.7295100428,44.21484375,-117.50390625,-7378.57041855204,74580.3346573576,117.50390625,0,0,0,0,0,0,0,0,0,0,0,0
6.31176,0,0,0,-104.1051,0,0,0,0,-59.640625,-3489.99575791855,13996.3094531235,59.640625,-148.58203125,-7031.25,78579.2802153928,148.58203125,0,0,0,0,0,0,0,0,0,0,0,0
6.31618,0,0,0,-35.369091,0,0,0,0,-75.015625,-3478.50678733032,2599.31461272288,75.015625,-177.7890625,-6607.92562217195,95774.7461149443,177.7890625,0,0,0,0,0,0,0,0,0,0,0,0
6.3206,0,0,0,33.760468,0,0,0,0,-90,-3390.13009049774,19994.7277901762,90,-205.10546875,-6180.18240950226,96774.4825044532,205.10546875,0,0,0,0,0,0,0,0,0,0,0,0
6.32502,0,0,0,102.51438,0,0,0,0,-103.890625,-3142.67533936652,55985.2378124936,103.890625,-230.06640625,-5647.27092760181,120568.208574763,230.06640625,0,0,0,0,0,0,0,0,0,0,0,0
6.32944,0,0,0,170.12764,0,0,0,0,-116.484375,-2849.26470588235,66382.4962633853,116.484375,-252.6328125,-5105.5217760181,122567.681353781,252.6328125,0,0,0,0,0,0,0,0,0,0,0,0
6.33386,0,0,0,235.84795,0,0,0,0,-127.171875,-2417.98642533937,97574.2716160603,127.171875,-272.5390625,-4503.67647058824,136164.096251101,272.5390625,0,0,0,0,0,0,0,0,0,0,0,0
6.33828,0,0,0,298.944,0,0,0,0,-135.703125,-1930.14705882353,110370.897401773,135.703125,-289.625,-3865.59671945701,144361.934645073,289.625,0,0,0,0,0,0,0,0,0,0,0,0
6.3427,0,0,0,358.71381,0,0,0,0,-141.55859375,-1324.76668552036,136963.885362708,141.55859375,-304.0546875,-3264.63518099547,135964.148973199,304.0546875,0,0,0,0,0,0,0,0,0,0,0,0
6.34712,0,0,0,414.49228,0,0,0,0,-144.4921875,-663.70899321267,149560.563870519,144.4921875,-315.484375,-2585.90214932127,153559.509428554,315.484375,0,0,0,0,0,0,0,0,0,0,0,0
6.35154,0,0,0,465.65881,0,0,0,0,-145,-114.889705882353,124167.259576995,145,-323.921875,-1908.93665158371,153159.61487275,323.921875,0,0,0,0,0,0,0,0,0,0,0,0
6.35596,0,0,0,511.64407,0,0,0,0,-142.84765625,486.955599547511,136164.0962511,142.84765625,-329.0078125,-1150.66459276018,171554.764439712,329.0078125,0,0,0,0,0,0,0,0,0,0,0,0
6.36038,0,0,0,551.9364,0,0,0,0,-137.3359375,1246.99519230769,171954.658995516,137.3359375,-331,-450.721153846154,158358.244098196,331,0,0,0,0,0,0,0,0,0,0,0,0
6.3648,0,0,0,586.08746,0,0,0,0,-129.98046875,1664.13320135747,94375.115169632,129.98046875,-331,0,101973.111729899,331,0,0,0,0,0,0,0,0,0,0,0,0
6.36922,0,0,0,613.71729,0,0,0,0,-121.234375,1978.75424208145,71181.2309330276,121.234375,-326.26953125,1070.24179864253,242136.153539035,326.26953125,0,0,0,0,0,0,0,0,0,0,0,0
6.37364,0,0,0,634.51837,0,0,0,0,-111.04296875,2305.74802036199,73980.4928236523,111.04296875,-317.84375,1906.28535067873,189150.124895068,317.84375,0,0,0,0,0,0,0,0,0,0,0,0
6.37806,0,0,0,648.2594,0,0,0,0,-99.33984375,2647.76583710407,77379.5965479822,99.33984375,-306.3515625,2600.04242081448,156958.613152884,306.3515625,0,0,0,0,0,0,0,0,0,0,0,0
6.38248,0,0,0,654.78741,0,0,0,0,-86.40234375,2927.03619909502,63183.3398169571,86.40234375,-291.77734375,3297.33455882353,157758.402264491,291.77734375,0,0,0,0,0,0,0,0,0,0,0,0
6.3869,0,0,0,654.02972,0,0,0,0,-72.09375,3237.23840497738,70181.4945435188,72.09375,-274.6875,3866.48048642534,128766.046968735,274.6875,0,0,0,0,0,0,0,0,0,0,0,0
6.39132,0,0,0,645.99481,0,0,0,0,-56.89453125,3438.73727375566,45587.9793616019,56.89453125,-254.796875,4500.14140271493,143362.198255564,254.796875,0,0,0,0,0,0,0,0,0,0,0,0
6.39574,0,0,0,630.77209,0,0,0,0,-40.9140625,3615.49066742081,39989.4555803526,40.9140625,-232.30078125,5089.61397058824,133364.834360476,232.30078125,0,0,0,0,0,0,0,0,0,0,0,0
6.40016,0,0,0,608.53094,0,0,0,0,-24.453125,3724.19400452489,24593.5151819169,24.453125,-206.98828125,5726.80995475113,144161.987367171,206.98828125,0,0,0,0,0,0,0,0,0,0,0,0
6.40458,0,0,0,579.5188,0,0,0,0,-7.66015625,3799.31419683258,16995.5186216499,7.66015625,-179.19140625,6288.88574660633,127166.468745521,179.19140625,0,0,0,0,0,0,0,0,0,0,0,0
6.409,0,0,0,544.05847,0,0,0,0,9.0625,3783.40639140271,-3599.05100223174,-9.0625,-149.3359375,6754.63093891403,105372.215454229,149.3359375,0,0,0,0,0,0,0,0,0,0,0,0
6.41342,0,0,0,502.54459,0,0,0,0,25.48828125,3716.24010180995,-15195.993120534,-25.48828125,-117.3046875,7246.88914027149,111370.633791282,117.3046875,0,0,0,0,0,0,0,0,0,0,0,0
6.41784,0,0,0,455.439,0,0,0,0,41.359375,3590.74519230769,-28392.5134620503,-41.359375,-83.31640625,7689.65639140271,100173.586228783,83.31640625,0,0,0,0,0,0,0,0,0,0,0,0
6.42226,0,0,0,403.26587,0,0,0,0,56.28125,3375.98981900452,-48587.1885301283,-56.28125,-48.30078125,7922.0871040724,52586.1340881636,48.30078125,0,0,0,0,0,0,0,0,0,0,0,0
6.42668,0,0,0,346.60568,0,0,0,0,69.7578125,3048.99604072398,-73980.4928236522,-69.7578125,-11.69921875,8280.89649321267,81178.5948281157,11.69921875,0,0,0,0,0,0,0,0,0,0,0,0
6.4311,0,0,0,286.0889,0,0,0,0,81.8984375,2746.74773755656,-68381.9690424029,-81.8984375,25.28125,8366.62188914027,19394.8859564711,-25.28125,0,0,0,0,0,0,0,0,0,0,0,0
6.43552,0,0,0,222.38887,0,0,0,0,92.35546875,2365.84417420814,-86177.2767756598,-92.35546875,62.51171875,8423.18297511312,12796.6257857125,-62.51171875,0,0,0,0,0,0,0,0,0,0,0,0
6.43994,0,0,0,156.21439,0,0,0,0,100.66015625,1878.88857466063,-110170.950123871,-100.66015625,99.79296875,8434.67194570136,2599.31461272309,-99.79296875,0,0,0,0,0,0,0,0,0,0,0,0
6.44436,0,0,0,88.301735,0,0,0,0,106.89453125,1410.49208144796,-105972.057287934,-106.89453125,136.3203125,8264.10492081448,-38589.8246350401,-136.3203125,0,0,0,0,0,0,0,0,0,0,0,0
6.44878,0,0,0,19.406582,0,0,0,0,110.9453125,916.466346153846,-111770.528347085,-110.9453125,171.7578125,8017.53393665158,-55785.290534592,-171.7578125,0,0,0,0,0,0,0,0,0,0,0,0
6.4532,0,0,0,-49.704506,0,0,0,0,112.80859375,421.556843891403,-111970.475624987,-112.80859375,205.453125,7623.37386877828,-89176.4859441862,-205.453125,0,0,0,0,0,0,0,0,0,0,0,0
6.45762,0,0,0,-118.26254,0,0,0,0,112.99609375,42.420814479638,-85777.3822198563,-112.99609375,237.140625,7169.11764705882,-102772.900841506,-237.140625,0,0,0,0,0,0,0,0,0,0,0,0
6.46204,0,0,0,-185.5047,0,0,0,0,112.99609375,0,-9597.46933928461,-112.99609375,266.09765625,6551.36453619909,-139763.147253332,-266.09765625,0,0,0,0,0,0,0,0,0,0,0,0
6.46646,0,0,0,-250.6828,0,0,0,0,109.796875,-723.805147058823,-163756.820601544,-109.796875,292.0078125,5862.02630090498,-155958.876763375,-292.0078125,0,0,0,0,0,0,0,0,0,0,0,0
6.47088,0,0,0,-313.07162,0,0,0,0,106.515625,-742.364253393665,-4198.89283593703,-106.515625,314.125,5003.88857466063,-194148.806842612,-314.125,0,0,0,0,0,0,0,0,0,0,0,0
6.4753,0,0,0,-371.97696,0,0,0,0,102.91015625,-815.716911764706,-16595.6240658463,-102.91015625,332.4296875,4141.33201357466,-195148.54323212,-332.4296875,0,0,0,0,0,0,0,0,0,0,0,0
6.47972,0,0,0,-426.74341,0,0,0,0,99.1171875,-858.137726244344,-9597.46933928462,-99.1171875,346.109375,3094.95192307692,-236737.577035687,-346.109375,0,0,0,0,0,0,0,0,0,0,0,0
6.48414,0,0,0,-476.76157,0,0,0,0,95.6796875,-777.714932126697,18195.2022890604,-95.6796875,355.30859375,2081.27121040724,-229339.527753322,-355.30859375,0,0,0,0,0,0,0,0,0,0,0,0
6.48856,0,0,0,-521.47498,0,0,0,0,92.6640625,-682.268099547511,21594.3060133904,-92.6640625,359.8125,1018.98331447964,-240336.628037919,-359.8125,0,0,0,0,0,0,0,0,0,0,0,0
6.49298,0,0,0,-560.38599,0,0,0,0,90,-602.72907239819,17995.2550111586,-90,360.99609375,267.781391402715,-169955.186216498,-360.99609375,0,0,0,0,0,0,0,0,0,0,0,0
6.4974,0,0,0,-593.06177,0,0,0,0,88,-452.488687782805,33991.0372432997,-88,356.09765625,-1108.24377828054,-311317.911693045,-356.09765625,0,0,0,0,0,0,0,0,0,0,0,0
6.50182,0,0,0,-619.13867,0,0,0,0,86.1953125,-408.300339366516,9997.36389508815,-86.1953125,346.4296875,-2187.32324660633,-244135.626318052,-346.4296875,0,0,0,0,0,0,0,0,0,0,0,0
6.50624,0,0,0,-638.3266,0,0,0,0,84.57421875,-366.763291855204,9397.52206138285,-84.57421875,332.609375,-3126.76753393665,-212543.956409574,-332.609375,0,0,0,0,0,0,0,0,0,0,0,0
6.51066,0,0,0,-650.41205,0,0,0,0,82.15625,-547.051753393665,-40789.2446919596,-82.15625,314.94140625,-3997.27799773756,-196948.068733236,-314.94140625,0,0,0,0,0,0,0,0,0,0,0,0
6.51508,0,0,0,-655.2605,0,0,0,0,79.50390625,-600.077771493213,-11996.8366741058,-79.50390625,293.84375,-4773.2253959276,-175553.709997748,-293.84375,0,0,0,0,0,0,0,0,0,0,0,0
6.5195,0,0,0,-652.81799,0,0,0,0,76.41015625,-699.943438914027,-22594.0424028992,-76.41015625,269.44921875,-5519.12471719457,-168755.502549088,-269.44921875,0,0,0,0,0,0,0,0,0,0,0,0
6.52392,0,0,0,-643.11182,0,0,0,0,72.10546875,-973.911199095023,-61983.6561495465,-72.10546875,241.8984375,-6233.20842760181,-161557.400544624,-241.8984375,0,0,0,0,0,0,0,0,0,0,0,0
6.52834,0,0,0,-626.24982,0,0,0,0,67.03515625,-1147.12952488688,-39189.6664687455,-67.03515625,211.90625,-6785.56278280543,-124967.048688602,-211.90625,0,0,0,0,0,0,0,0,0,0,0,0
6.53276,0,0,0,-602.41974,0,0,0,0,61.23828125,-1311.51018099547,-37190.1936897279,-61.23828125,179.84375,-7253.9592760181,-105972.057287934,-179.84375,0,0,0,0,0,0,0,0,0,0,0,0
6.53718,0,0,0,-571.88666,0,0,0,0,53.75390625,-1693.29751131222,-86377.2240535616,-53.75390625,146.01171875,-7654.30571266968,-90576.1168894986,-146.01171875,0,0,0,0,0,0,0,0,0,0,0,0
6.5416,0,0,0,-534.99036,0,0,0,0,44.9140625,-1999.96464932127,-69381.7054319117,-44.9140625,111.01171875,-7918.55203619909,-59784.2360926271,-111.01171875,0,0,0,0,0,0,0,0,0,0,0,0
6.54602,0,0,0,-492.14139,0,0,0,0,34.22265625,-2418.87019230769,-94775.0097254356,-34.22265625,75.34375,-8069.6761877828,-34190.9845212014,-75.34375,0,0,0,0,0,0,0,0,0,0,0,0
6.55044,0,0,0,-443.81644,0,0,0,0,22.1484375,-2731.72369909502,-70781.3363772241,-22.1484375,39.23046875,-8170.42562217195,-22793.989680801,-39.23046875,0,0,0,0,0,0,0,0,0,0,0,0
6.55486,0,0,0,-390.55325,0,0,0,0,8.73828125,-3033.97200226244,-68381.9690424029,-8.73828125,3.30859375,-8127.12104072398,9797.41661718637,-3.30859375,0,0,0,0,0,0,0,0,0,0,0,0
6.55928,0,0,0,-332.94449,0,0,0,0,-5.76953125,-3282.31052036199,-56185.1850903953,5.76953125,-32.2578125,-8046.69824660633,18195.2022890604,32.2578125,0,0,0,0,0,0,0,0,0,0,0,0
6.5637,0,0,0,-271.63113,0,0,0,0,-21.03125,-3452.87754524887,-38589.8246350402,21.03125,-66.73828125,-7801.01102941176,55585.3432566902,66.73828125,0,0,0,0,0,0,0,0,0,0,0,0
6.56812,0,0,0,-207.29541,0,0,0,0,-36.91015625,-3592.51272624434,-31591.6699084785,36.91015625,-100.48828125,-7635.74660633484,37390.1409676296,100.48828125,0,0,0,0,0,0,0,0,0,0,0,0
6.57254,0,0,0,-140.65315,0,0,0,0,-52.88671875,-3614.60690045249,-4998.68194754411,52.88671875,-132.65625,-7277.8209841629,80978.647550214,132.65625,0,0,0,0,0,0,0,0,0,0,0,0
6.57696,0,0,0,-72.445892,0,0,0,0,-68.50390625,-3533.30033936652,18395.1495669621,68.50390625,-163.1640625,-6902.22002262443,84977.5931082491,163.1640625,0,0,0,0,0,0,0,0,0,0,0,0
6.58138,0,0,0,-3.4325392,0,0,0,0,-83.4921875,-3391.01385746606,32191.5117421838,83.4921875,-191.91796875,-6505.40865384615,89776.3277778916,191.91796875,0,0,0,0,0,0,0,0,0,0,0,0
6.5858,0,0,0,65.619003,0,0,0,0,-98.1171875,-3308.82352941176,18595.096844864,98.1171875,-218.08984375,-5921.2386877828,132165.150693065,218.08984375,0,0,0,0,0,0,0,0,0,0,0,0
6.59022,0,0,0,133.94043,0,0,0,0,-111.69921875,-3072.85774886878,53385.9231997707,111.69921875,-242.19140625,-5452.84219457014,105972.057287934,242.19140625,0,0,0,0,0,0,0,0,0,0,0,0
6.59464,0,0,0,200.77151,0,0,0,0,-123.33203125,-2631.85803167421,99773.6916729796,123.33203125,-264,-4934.0709841629,117369.052128335,264,0,0,0,0,0,0,0,0,0,0,0,0
6.59906,0,0,0,265.36868,0,0,0,0,-133.37109375,-2271.28110859728,81578.4893839193,133.37109375,-282.671875,-4224.40610859728,160557.664155116,282.671875,0,0,0,0,0,0,0,0,0,0,0,0
6.60348,0,0,0,327.01315,0,0,0,0,-140.859375,-1694.18127828054,130565.572469851,140.859375,-298.83203125,-3656.1439479638,128566.099690833,298.83203125,0,0,0,0,0,0,0,0,0,0,0,0
6.6079,0,0,0,385.01904,0,0,0,0,-145.29296875,-1003.07550904977,156358.771319179,145.29296875,-312.30859375,-3048.99604072398,137363.779918511,312.30859375,0,0,0,0,0,0,0,0,0,0,0,0
6.61232,0,0,0,438.74091,0,0,0,0,-147,-386.206165158371,139563.19997543,147,-322.44921875,-2294.25904977376,170754.975328105,322.44921875,0,0,0,0,0,0,0,0,0,0,0,0
6.61674,0,0,0,487.58099,0,0,0,0,-147,0,87376.9604430703,147,-329.64453125,-1627.89875565611,150760.247537929,329.64453125,0,0,0,0,0,0,0,0,0,0,0,0
6.62116,0,0,0,530.99591,0,0,0,0,-142.55859375,1004.84304298643,227340.054974304,142.55859375,-333.61328125,-897.907239819004,165156.451546856,333.61328125,0,0,0,0,0,0,0,0,0,0,0,0
6.62558,0,0,0,568.50256,0,0,0,0,-136.140625,1452.02912895928,101173.322618292,136.140625,-335,-313.737273755656,132165.150693065,335,0,0,0,0,0,0,0,0,0,0,0,0
6.63,0,0,0,599.68365,0,0,0,0,-127.9609375,1850.60803167421,90176.222333695,127.9609375,-332.70703125,518.77121040724,188350.335783461,332.70703125,0,0,0,0,0,0,0,0,0,0,0,0
6.63442,0,0,0,624.1922,0,0,0,0,-118.59765625,2118.38942307692,60584.0252042341,118.59765625,-326.2109375,1469.70446832579,215143.271022297,326.2109375,0,0,0,0,0,0,0,0,0,0,0,0
6.63884,0,0,0,641.75549,0,0,0,0,-107.4921875,2512.54949095023,89176.4859441862,107.4921875,-316.28125,2246.53563348416,175753.657275649,316.28125,0,0,0,0,0,0,0,0,0,0,0,0
6.64326,0,0,0,652.17816,0,0,0,0,-95.0078125,2824.51923076923,70581.3890993223,95.0078125,-303.30078125,2936.75763574661,156158.824041277,303.30078125,0,0,0,0,0,0,0,0,0,0,0,0
6.64768,0,0,0,655.34418,0,0,0,0,-81.3359375,3093.18438914027,60783.9724821359,81.3359375,-287.5234375,3569.53478506787,143162.250977662,287.5234375,0,0,0,0,0,0,0,0,0,0,0,0
6.6521,0,0,0,651.21832,0,0,0,0,-66.61328125,3330.91770361991,53785.8177555742,66.61328125,-269.046875,4180.217760181,138163.569030118,269.046875,0,0,0,0,0,0,0,0,0,0,0,0
6.65652,0,0,0,639.84656,0,0,0,0,-50.921875,3550.09191176471,49586.9249196371,50.921875,-247.75390625,4817.41374434389,144161.987367171,247.75390625,0,0,0,0,0,0,0,0,0,0,0,0
6.66094,0,0,0,621.35541,0,0,0,0,-34.60546875,3691.49462669683,31991.5644642821,34.60546875,-223.78515625,5422.79411764706,136963.885362708,223.78515625,0,0,0,0,0,0,0,0,0,0,0,0
6.66536,0,0,0,595.95056,0,0,0,0,-17.80078125,3801.96549773756,24993.4097377204,17.80078125,-197.22265625,6009.61538461538,132764.99252677,197.22265625,0,0,0,0,0,0,0,0,0,0,0,0
6.66978,0,0,0,563.91473,0,0,0,0,-0.8984375,3824.0596719457,4998.68194754411,0.8984375,-168.3359375,6535.45673076923,118968.630351549,168.3359375,0,0,0,0,0,0,0,0,0,0,0,0
6.6742,0,0,0,525.60431,0,0,0,0,15.87890625,3795.77912895928,-6398.31289285648,-15.87890625,-137.1171875,7063.06561085973,119368.524907352,137.1171875,0,0,0,0,0,0,0,0,0,0,0,0
6.67862,0,0,0,481.44568,0,0,0,0,32.25,3703.86736425339,-20794.5169017833,-32.25,-103.7890625,7540.29977375566,107971.530066952,103.7890625,0,0,0,0,0,0,0,0,0,0,0,0
6.68304,0,0,0,431.93011,0,0,0,0,47.66015625,3486.46069004525,-49187.0303638337,-47.66015625,-68.953125,7881.43382352941,77179.6492700804,68.953125,0,0,0,0,0,0,0,0,0,0,0,0
6.68746,0,0,0,377.60855,0,0,0,0,61.86328125,3213.37669683258,-61783.7088716447,-61.86328125,-32.97265625,8140.37754524887,58584.5524252166,32.97265625,0,0,0,0,0,0,0,0,0,0,0,0
6.69188,0,0,0,319.08545,0,0,0,0,75.1015625,2995.08625565611,-49386.9776417355,-75.1015625,4.26171875,8424.06674208145,64183.076206466,-4.26171875,0,0,0,0,0,0,0,0,0,0,0,0
6.6963,0,0,0,257.01196,0,0,0,0,86.265625,2525.80599547511,-106172.004565836,-86.265625,41.64453125,8457.64988687783,7597.99656026679,-41.64453125,0,0,0,0,0,0,0,0,0,0,0,0
6.70072,0,0,0,192.07875,0,0,0,0,95.61328125,2114.85435520362,-92975.4842243197,-95.61328125,79.2109375,8499.18693438914,9397.52206138286,-79.2109375,0,0,0,0,0,0,0,0,0,0,0,0
6.70514,0,0,0,125.00834,0,0,0,0,102.96484375,1663.24943438914,-102173.059007801,-102.96484375,116.59375,8457.64988687783,-9397.52206138286,-116.59375,0,0,0,0,0,0,0,0,0,0,0,0
6.70956,0,0,0,56.546993,0,0,0,0,107.99609375,1138.29185520362,-118768.683073647,-107.99609375,152.96484375,8228.75424208145,-51786.3449765564,-152.96484375,0,0,0,0,0,0,0,0,0,0,0,0
6.71398,0,0,0,-12.543543,0,0,0,0,110.7421875,621.288178733032,-116969.157572531,-110.7421875,187.9453125,7914.13320135747,-71181.2309330277,-187.9453125,0,0,0,0,0,0,0,0,0,0,0,0
6.7184,0,0,0,-81.494507,0,0,0,0,110.99609375,57.4448529411765,-127566.363301325,-110.99609375,220.99609375,7477.55231900452,-98773.9552834709,-220.99609375,0,0,0,0,0,0,0,0,0,0,0,0
6.72282,0,0,0,-149.53871,0,0,0,0,110.99609375,0,-12996.5730636146,-110.99609375,251.72265625,6951.71097285068,-118968.630351549,-251.72265625,0,0,0,0,0,0,0,0,0,0,0,0
6.72724,0,0,0,-215.91902,0,0,0,0,109.5,-338.482748868778,-76579.8074363752,-109.5,279.34765625,6250,-158758.138654,-279.34765625,0,0,0,0,0,0,0,0,0,0,0,0
6.73166,0,0,0,-279.89685,0,0,0,0,106.48046875,-683.151866515837,-77979.4383816875,-106.48046875,303.63671875,5495.26300904977,-170754.975328106,-303.63671875,0,0,0,0,0,0,0,0,0,0,0,0
6.73608,0,0,0,-340.76035,0,0,0,0,103.21875,-737.945418552036,-12396.7312299093,-103.21875,324.296875,4674.24349547511,-185751.021170738,-324.296875,0,0,0,0,0,0,0,0,0,0,0,0
6.7405,0,0,0,-397.83231,0,0,0,0,99.56640625,-826.322115384615,-19994.7277901763,-99.56640625,340.46875,3658.79524886878,-229739.422309125,-340.46875,0,0,0,0,0,0,0,0,0,0,0,0
6.74492,0,0,0,-450.47766,0,0,0,0,96.08984375,-786.552601809955,8997.62750557934,-96.08984375,352.01171875,2611.53139140271,-236937.524313589,-352.01171875,0,0,0,0,0,0,0,0,0,0,0,0
6.74934,0,0,0,-498.11066,0,0,0,0,93.15234375,-664.592760180995,27592.7243504433,-93.15234375,358.94140625,1567.80260180995,-236137.735201982,-358.94140625,0,0,0,0,0,0,0,0,0,0,0,0
6.75376,0,0,0,-540.20129,0,0,0,0,90.36328125,-631.009615384615,7597.99656026699,-90.36328125,360.99609375,464.861425339366,-249534.2028214,-360.99609375,0,0,0,0,0,0,0,0,0,0,0,0
6.75818,0,0,0,-576.28131,0,0,0,0,88.35546875,-454.256221719457,39989.4555803526,-88.35546875,360.99609375,0,-105172.268176327,-360.99609375,0,0,0,0,0,0,0,0,0,0,0,0
6.7626,0,0,0,-605.9491,0,0,0,0,86.85546875,-339.366515837104,25993.1461272292,-86.85546875,352.828125,-1847.95673076923,-418089.758092586,-352.828125,0,0,0,0,0,0,0,0,0,0,0,0
6.76702,0,0,0,-628.87469,0,0,0,0,85.3359375,-343.785350678733,-999.736389508812,-85.3359375,341.30859375,-2606.22878959276,-171554.764439712,-341.30859375,0,0,0,0,0,0,0,0,0,0,0,0
6.77144,0,0,0,-644.80298,0,0,0,0,83.19921875,-483.420531674208,-31591.6699084785,-83.19921875,325.48046875,-3581.02375565611,-220541.847525644,-325.48046875,0,0,0,0,0,0,0,0,0,0,0,0
6.77586,0,0,0,-653.55664,0,0,0,0,80.94140625,-510.817307692308,-6198.36561495465,-80.94140625,305.82421875,-4447.11538461538,-195948.332343727,-305.82421875,0,0,0,0,0,0,0,0,0,0,0,0
6.78028,0,0,0,-655.03839,0,0,0,0,78.09765625,-643.382352941176,-29992.0916852644,-78.09765625,282.8984375,-5186.82833710407,-167355.871603776,-282.8984375,0,0,0,0,0,0,0,0,0,0,0,0
6.7847,0,0,0,-649.23163,0,0,0,0,74.53125,-806.879242081448,-36990.2464118261,-74.53125,256.77734375,-5909.74971719457,-163556.873323642,-256.77734375,0,0,0,0,0,0,0,0,0,0,0,0
6.78912,0,0,0,-636.20111,0,0,0,0,70.13671875,-994.237839366516,-42388.8229151737,-70.13671875,228.0390625,-6501.87358597285,-133964.676194181,-228.0390625,0,0,0,0,0,0,0,0,0,0,0,0
6.79354,0,0,0,-616.09167,0,0,0,0,64.76171875,-1216.06334841629,-50186.7667533425,-64.76171875,196.97265625,-7028.59869909502,-119168.577629451,-196.97265625,0,0,0,0,0,0,0,0,0,0,0,0
6.79796,0,0,0,-589.1272,0,0,0,0,58.19140625,-1486.49604072398,-61183.8670379394,-58.19140625,163.921875,-7477.55231900452,-101573.217174095,-163.921875,0,0,0,0,0,0,0,0,0,0,0,0
6.80238,0,0,0,-555.6076,0,0,0,0,50.1875,-1810.83851809955,-73380.6509899469,-50.1875,129.4453125,-7800.12726244344,-72980.7564341436,-129.4453125,0,0,0,0,0,0,0,0,0,0,0,0
6.8068,0,0,0,-515.90588,0,0,0,0,40.5625,-2177.60180995475,-82978.1203292316,-40.5625,94.0625,-8005.16119909502,-46387.768473209,-94.0625,0,0,0,0,0,0,0,0,0,0,0,0
6.81122,0,0,0,-470.46387,0,0,0,0,29.4765625,-2508.1306561086,-74780.2819352593,-29.4765625,57.94140625,-8172.1931561086,-37790.0355234331,-57.94140625,0,0,0,0,0,0,0,0,0,0,0,0
6.81564,0,0,0,-419.78708,0,0,0,0,16.58984375,-2915.54722850679,-92175.6951127127,-16.58984375,21.875,-8159.82041855204,2799.26189062474,-21.875,0,0,0,0,0,0,0,0,0,0,0,0
6.82006,0,0,0,-364.43945,0,0,0,0,2.609375,-3163.00197963801,-55985.2378124936,-2.609375,-14.02734375,-8122.70220588235,8397.785671874,14.02734375,0,0,0,0,0,0,0,0,0,0,0,0
6.82448,0,0,0,-305.03677,0,0,0,0,-12.328125,-3379.52488687783,-48987.0830859318,12.328125,-49.1640625,-7949.4838800905,39189.6664687455,49.1640625,0,0,0,0,0,0,0,0,0,0,0,0
6.8289,0,0,0,-242.24004,0,0,0,0,-27.625,-3460.8314479638,-18395.1495669622,27.625,-83.33984375,-7732.07720588235,49187.0303638337,83.33984375,0,0,0,0,0,0,0,0,0,0,0,0
6.83332,0,0,0,-176.74796,0,0,0,0,-43.58203125,-3610.18806561086,-33791.089965398,43.58203125,-116.20703125,-7436.01527149321,66982.3380970906,116.20703125,0,0,0,0,0,0,0,0,0,0,0,0
6.83774,0,0,0,-109.28924,0,0,0,0,-59.51953125,-3605.76923076923,999.736389508864,59.51953125,-147.5859375,-7099.30005656109,76179.9128805716,147.5859375,0,0,0,0,0,0,0,0,0,0,0,0
6.84216,0,0,0,-40.614487,0,0,0,0,-75.15625,-3537.71917420814,15395.9403984357,75.15625,-177.12890625,-6683.92958144796,93975.2206138284,177.12890625,0,0,0,0,0,0,0,0,0,0,0,0
6.84658,0,0,0,28.512169,0,0,0,0,-90.328125,-3432.55090497738,23793.7260703097,90.328125,-204.7109375,-6240.27856334842,100373.533506685,204.7109375,0,0,0,0,0,0,0,0,0,0,0,0
6.851,0,0,0,97.321579,0,0,0,0,-104.6171875,-3232.81957013575,45188.0848057985,104.6171875,-230.0078125,-5723.27488687783,116969.157572531,230.0078125,0,0,0,0,0,0,0,0,0,0,0,0
6.85542,0,0,0,165.04811,0,0,0,0,-117.58984375,-2934.99010180995,67382.2326528941,117.58984375,-252.9375,-5187.7121040724,121168.050408468,252.9375,0,0,0,0,0,0,0,0,0,0,0,0
6.85984,0,0,0,230.9382,0,0,0,0,-128.60546875,-2492.22285067873,100173.586228783,128.60546875,-273.1015625,-4562.00509049774,141562.672754448,273.1015625,0,0,0,0,0,0,0,0,0,0,0,0
6.86426,0,0,0,294.2587,0,0,0,0,-137.4921875,-2010.56985294118,108971.266456461,137.4921875,-290.51953125,-3940.71691176471,140562.936364939,290.51953125,0,0,0,0,0,0,0,0,0,0,0,0
6.86868,0,0,0,354.30505,0,0,0,0,-143.625,-1387.51414027149,140962.830920743,143.625,-305.2890625,-3341.52290723982,135564.254417395,305.2890625,0,0,0,0,0,0,0,0,0,0,0,0
6.8731,0,0,0,410.40912,0,0,0,0,-146.734375,-703.47850678733,154759.193095964,146.734375,-317.16015625,-2685.76781674208,148360.880203108,317.16015625,0,0,0,0,0,0,0,0,0,0,0,0
6.87752,0,0,0,461.94669,0,0,0,0,-147,-60.0961538461538,145561.618312483,147,-325.93359375,-1984.94061085973,158558.191376098,325.93359375,0,0,0,0,0,0,0,0,0,0,0,0
6.88194,0,0,0,508.3443,0,0,0,0,-145.5,339.366515837104,90376.1696115968,145.5,-331.4453125,-1246.99519230769,166955.977047972,331.4453125,0,0,0,0,0,0,0,0,0,0,0,0
6.88636,0,0,0,549.08569,0,0,0,0,-139.9765625,1249.64649321267,205945.696238816,139.9765625,-334,-577.983597285068,151360.089371634,334,0,0,0,0,0,0,0,0,0,0,0,0
6.89078,0,0,0,583.71753,0,0,0,0,-132.50390625,1690.64621040724,99773.6916729797,132.50390625,-334,0,130765.519747753,334,0,0,0,0,0,0,0,0,0,0,0,0
6.8952,0,0,0,611.85449,0,0,0,0,-123.87109375,1953.125,59384.3415368235,123.87109375,-329.53125,1011.02941176471,228739.685919617,329.53125,0,0,0,0,0,0,0,0,0,0,0,0
6.89962,0,0,0,633.18347,0,0,0,0,-113.6796875,2305.74802036199,79778.9638828034,113.6796875,-321.36328125,1847.95673076923,189350.072172969,321.36328125,0,0,0,0,0,0,0,0,0,0,0,0
6.90404,0,0,0,647.46722,0,0,0,0,-101.84765625,2676.93014705882,83977.8567187404,101.84765625,-309.89453125,2594.73981900452,168955.44982699,309.89453125,0,0,0,0,0,0,0,0,0,0,0,0
6.90846,0,0,0,654.54675,0,0,0,0,-88.72265625,2969.45701357466,66182.5489854835,88.72265625,-295.578125,3239.00593891403,145761.565590385,295.578125,0,0,0,0,0,0,0,0,0,0,0,0
6.91288,0,0,0,654.34332,0,0,0,0,-74.38671875,3243.42477375566,61983.6561495465,74.38671875,-278.59765625,3841.73501131222,136364.043529002,278.59765625,0,0,0,0,0,0,0,0,0,0,0,0
6.9173,0,0,0,646.85913,0,0,0,0,-59.00390625,3480.27432126697,53585.8704776725,59.00390625,-258.8203125,4474.51216063348,143162.250977662,258.8203125,0,0,0,0,0,0,0,0,0,0,0,0
6.92172,0,0,0,632.17755,0,0,0,0,-42.86328125,3651.72511312217,38789.771912942,42.86328125,-236.2890625,5097.56787330317,140962.830920743,236.2890625,0,0,0,0,0,0,0,0,0,0,0,0
6.92614,0,0,0,610.46185,0,0,0,0,-26.21875,3765.7310520362,25793.1988493275,26.21875,-211.00390625,5720.62358597285,140962.830920743,211.00390625,0,0,0,0,0,0,0,0,0,0,0,0
6.93056,0,0,0,581.95367,0,0,0,0,-9.125,3867.36425339367,22993.9369587027,9.125,-183.390625,6247.34869909502,119168.577629451,183.390625,0,0,0,0,0,0,0,0,0,0,0,0
6.93498,0,0,0,546.97028,0,0,0,0,7.78515625,3825.82720588235,-9397.52206138286,-7.78515625,-153.5,6762.58484162896,116569.263016728,153.5,0,0,0,0,0,0,0,0,0,0,0,0
6.9394,0,0,0,505.90091,0,0,0,0,24.36328125,3750.70701357466,-16995.5186216499,-24.36328125,-121.42578125,7256.61057692308,111770.528347085,121.42578125,0,0,0,0,0,0,0,0,0,0,0,0
6.94382,0,0,0,459.20245,0,0,0,0,40.25390625,3595.16402714932,-35190.7209107102,-40.25390625,-87.3359375,7712.63433257919,103172.79539731,87.3359375,0,0,0,0,0,0,0,0,0,0,0,0
6.94824,0,0,0,407.39459,0,0,0,0,55.08203125,3354.77941176471,-54385.6595892795,-55.08203125,-51.91015625,8014.88263574661,68381.9690424029,51.91015625,0,0,0,0,0,0,0,0,0,0,0,0
6.95266,0,0,0,351.05374,0,0,0,0,68.78515625,3100.25452488688,-57584.8160357077,-68.78515625,-15.40234375,8259.68608597285,55385.3959787881,15.40234375,0,0,0,0,0,0,0,0,0,0,0,0
6.95708,0,0,0,290.80682,0,0,0,0,80.99609375,2762.65554298643,-76379.8601584734,-80.99609375,21.7890625,8414.34530542986,34990.7736328088,-21.7890625,0,0,0,0,0,0,0,0,0,0,0,0
6.9615,0,0,0,227.32416,0,0,0,0,91.60546875,2400.31108597285,-81978.3839397228,-91.60546875,59.46484375,8523.93240950226,24793.4624598185,-59.46484375,0,0,0,0,0,0,0,0,0,0,0,0
6.96592,0,0,0,161.3121,0,0,0,0,99.99609375,1898.3314479638,-113570.053848201,-99.99609375,96.99609375,8491.23303167421,-7398.04928236514,-96.99609375,0,0,0,0,0,0,0,0,0,0,0,0
6.97034,0,0,0,93.50518,0,0,0,0,105.88671875,1332.72058823529,-127966.257857128,-105.88671875,133.734375,8311.82833710407,-40589.2974140578,-133.734375,0,0,0,0,0,0,0,0,0,0,0,0
6.97476,0,0,0,24.657845,0,0,0,0,109.81640625,889.069570135747,-100373.533506685,-109.81640625,169.56640625,8106.79440045249,-46387.7684732092,-169.56640625,0,0,0,0,0,0,0,0,0,0,0,0
6.97918,0,0,0,-44.463852,0,0,0,0,111.515625,384.438631221719,-114169.895681907,-111.515625,203.7265625,7728.54213800905,-85577.4349419544,-203.7265625,0,0,0,0,0,0,0,0,0,0,0,0
6.9836,0,0,0,-113.09081,0,0,0,0,111.99609375,108.703337104072,-62383.55070535,-111.99609375,235.79296875,7254.84304298642,-107171.740955345,-235.79296875,0,0,0,0,0,0,0,0,0,0,0,0
6.98802,0,0,0,-180.45944,0,0,0,0,110.5,-338.482748868778,-101173.322618292,-110.5,265.0859375,6627.36849547511,-141962.567310252,-265.0859375,0,0,0,0,0,0,0,0,0,0,0,0
6.99244,0,0,0,-245.82013,0,0,0,0,108.640625,-420.673076923077,-18595.096844864,-108.640625,291.32421875,5936.26272624434,-156358.771319178,-291.32421875,0,0,0,0,0,0,0,0,0,0,0,0
6.99686,0,0,0,-308.44565,0,0,0,0,105.421875,-728.223981900452,-69581.6527098135,-105.421875,313.84375,5094.91657239819,-190349.808562478,-313.84375,0,0,0,0,0,0,0,0,0,0,0,0
7.00128,0,0,0,-367.63916,0,0,0,0,101.94140625,-787.43636877828,-13396.4676194181,-101.94140625,332.48828125,4218.219739819,-198347.699678549,-332.48828125,0,0,0,0,0,0,0,0,0,0,0,0
7.0057,0,0,0,-422.74207,0,0,0,0,98.28125,-828.089649321267,-9197.57478348111,-98.28125,346.4921875,3168.30458144796,-237537.366147294,-346.4921875,0,0,0,0,0,0,0,0,0,0,0,0
7.01012,0,0,0,-473.1412,0,0,0,0,94.94140625,-755.620757918552,16395.6767879446,-94.94140625,356.05078125,2162.57777149321,-227540.002252206,-356.05078125,0,0,0,0,0,0,0,0,0,0,0,0
7.01454,0,0,0,-518.27582,0,0,0,0,92.2109375,-617.753110859729,31191.775352675,-92.2109375,360.99609375,1118.84898190045,-236137.735201982,-360.99609375,0,0,0,0,0,0,0,0,0,0,0,0
7.01896,0,0,0,-557.64374,0,0,0,0,89.7890625,-547.935520361991,15795.8349542393,-89.7890625,361.99609375,226.244343891403,-201946.75068078,-361.99609375,0,0,0,0,0,0,0,0,0,0,0,0
7.02338,0,0,0,-590.80688,0,0,0,0,88,-404.765271493213,32391.4590200856,-88,357.7109375,-969.492364253394,-270528.667001085,-357.7109375,0,0,0,0,0,0,0,0,0,0,0,0
7.0278,0,0,0,-617.39624,0,0,0,0,86.51171875,-336.715214932127,15395.9403984357,-86.51171875,348.15625,-2161.69400452489,-269728.877889478,-348.15625,0,0,0,0,0,0,0,0,0,0,0,0
7.03222,0,0,0,-637.11597,0,0,0,0,85.1328125,-311.969739819005,5598.52378124936,-85.1328125,334.5703125,-3073.7415158371,-206345.590794619,-334.5703125,0,0,0,0,0,0,0,0,0,0,0,0
7.03664,0,0,0,-649.7467,0,0,0,0,82.90234375,-504.630938914027,-43588.5065825843,-82.90234375,317.1640625,-3938.06561085973,-195548.437787924,-317.1640625,0,0,0,0,0,0,0,0,0,0,0,0
7.04106,0,0,0,-655.14789,0,0,0,0,80.51171875,-540.865384615385,-8197.83839397226,-80.51171875,295.859375,-4820.06504524887,-199547.383345959,-295.859375,0,0,0,0,0,0,0,0,0,0,0,0
7.04548,0,0,0,-653.25934,0,0,0,0,77.61328125,-655.755090497737,-25993.1461272292,-77.61328125,271.5625,-5497.03054298642,-153159.61487275,-271.5625,0,0,0,0,0,0,0,0,0,0,0,0
7.0499,0,0,0,-644.10217,0,0,0,0,73.72265625,-880.231900452489,-50786.6085870478,-73.72265625,244.2890625,-6170.46097285068,-152359.825761143,-244.2890625,0,0,0,0,0,0,0,0,0,0,0,0
7.05432,0,0,0,-627.77826,0,0,0,0,69.15625,-1033.12358597285,-34590.879077005,-69.15625,214.48828125,-6742.25820135747,-129365.888802441,-214.48828125,0,0,0,0,0,0,0,0,0,0,0,0
7.05874,0,0,0,-604.46918,0,0,0,0,63.2421875,-1338.02319004525,-68981.8108761082,-63.2421875,182.55859375,-7223.91119909502,-108971.266456461,-182.55859375,0,0,0,0,0,0,0,0,0,0,0,0
7.06316,0,0,0,-574.43439,0,0,0,0,56.1484375,-1604.92081447964,-60384.0779263323,-56.1484375,148.8203125,-7633.09530542986,-92575.5896685161,-148.8203125,0,0,0,0,0,0,0,0,0,0,0,0
7.06758,0,0,0,-538.00793,0,0,0,0,47.65625,-1921.30938914027,-71581.1254888311,-47.65625,113.8828125,-7904.41176470588,-61383.8143158413,-113.8828125,0,0,0,0,0,0,0,0,0,0,0,0
7.072,0,0,0,-495.59521,0,0,0,0,37.55859375,-2284.53761312217,-82178.3312176246,-37.55859375,78.29296875,-8052.00084841629,-33391.1954095944,-78.29296875,0,0,0,0,0,0,0,0,0,0,0,0
7.07642,0,0,0,-447.66815,0,0,0,0,25.6796875,-2687.53535067873,-91175.9587232038,-25.6796875,42.171875,-8172.1931561086,-27192.8297946397,-42.171875,0,0,0,0,0,0,0,0,0,0,0,0
7.08084,0,0,0,-394.75998,0,0,0,0,12.546875,-2971.22454751131,-64183.0762064658,-12.546875,6.34375,-8105.91063348416,14996.0458426321,-6.34375,0,0,0,0,0,0,0,0,0,0,0,0
7.08526,0,0,0,-337.45941,0,0,0,0,-2,-3291.14819004525,-72380.9146004382,2,-29.15625,-8031.6742081448,16795.5713437482,29.15625,0,0,0,0,0,0,0,0,0,0,0,0
7.08968,0,0,0,-276.40402,0,0,0,0,-17.31640625,-3465.25028280543,-39389.6137466473,17.31640625,-63.8515625,-7849.61821266968,41189.139247763,63.8515625,0,0,0,0,0,0,0,0,0,0,0,0
7.0941,0,0,0,-212.27316,0,0,0,0,-33.0546875,-3560.69711538462,-21594.3060133904,33.0546875,-97.11328125,-7525.27573529412,73380.6509899471,97.11328125,0,0,0,0,0,0,0,0,0,0,0,0
7.09852,0,0,0,-145.7804,0,0,0,0,-49.09375,-3628.7471719457,-15395.9403984357,49.09375,-129.125,-7242.47030542986,63983.1289285642,129.125,0,0,0,0,0,0,0,0,0,0,0,0
7.10294,0,0,0,-77.66555,0,0,0,0,-64.8984375,-3575.72115384615,11996.8366741057,64.8984375,-159.68359375,-6913.70899321267,74380.3873794557,159.68359375,0,0,0,0,0,0,0,0,0,0,0,0
7.10736,0,0,0,-8.6865473,0,0,0,0,-80.41796875,-3511.20616515837,14596.1512868287,80.41796875,-188.02734375,-6412.61312217195,113370.1065703,188.02734375,0,0,0,0,0,0,0,0,0,0,0,0
7.11178,0,0,0,60.389111,0,0,0,0,-95.32421875,-3372.45475113122,31391.7226305767,95.32421875,-214.3828125,-5962.77573529412,101773.164451997,214.3828125,0,0,0,0,0,0,0,0,0,0,0,0
7.1162,0,0,0,128.79283,0,0,0,0,-109.1171875,-3120.58116515837,56984.9742020025,109.1171875,-238.41015625,-5436.05062217195,119168.577629451,238.41015625,0,0,0,0,0,0,0,0,0,0,0,0
7.12062,0,0,0,195.7635,0,0,0,0,-121.39453125,-2777.67958144796,77579.5438258839,121.39453125,-260,-4884.58003393665,124767.1014107,260,0,0,0,0,0,0,0,0,0,0,0,0
7.12504,0,0,0,260.55597,0,0,0,0,-131.390625,-2261.5596719457,116769.21029463,131.390625,-278.765625,-4245.6165158371,144561.881922975,278.765625,0,0,0,0,0,0,0,0,0,0,0,0
7.12946,0,0,0,322.44931,0,0,0,0,-139.203125,-1767.53393665158,111770.528347085,139.203125,-294.87890625,-3645.53874434389,135764.201695297,294.87890625,0,0,0,0,0,0,0,0,0,0,0,0
7.13388,0,0,0,380.75482,0,0,0,0,-144.2734375,-1147.12952488688,140362.989087038,144.2734375,-308.1640625,-3005.69145927602,144761.829200876,308.1640625,0,0,0,0,0,0,0,0,0,0,0,0
7.1383,0,0,0,434.82376,0,0,0,0,-146,-390.625,171154.869883909,146,-318.53515625,-2346.40130090498,149160.669314715,318.53515625,0,0,0,0,0,0,0,0,0,0,0,0
7.14272,0,0,0,484.05453,0,0,0,0,-146,0,88376.6968325792,146,-325.89453125,-1665.01696832579,154159.351262259,325.89453125,0,0,0,0,0,0,0,0,0,0,0,0
7.14714,0,0,0,527.89935,0,0,0,0,-142.5234375,786.552601809955,177953.077332569,142.5234375,-330,-928.839083710407,166556.082492168,330,0,0,0,0,0,0,0,0,0,0,0,0
7.15156,0,0,0,565.87036,0,0,0,0,-136.25,1419.32975113122,143162.250977662,136.25,-331,-226.244343891403,158958.085931901,331,0,0,0,0,0,0,0,0,0,0,0,0
7.15598,0,0,0,597.5451,0,0,0,0,-128.2734375,1804.65214932127,87177.0131651686,128.2734375,-329.5,339.366515837104,127966.257857128,329.5,0,0,0,0,0,0,0,0,0,0,0,0
7.1604,0,0,0,622.57104,0,0,0,0,-118.875,2126.34332579186,72780.8091562417,118.875,-323.5703125,1341.55825791855,226740.213140599,323.5703125,0,0,0,0,0,0,0,0,0,0,0,0
7.16482,0,0,0,640.66986,0,0,0,0,-107.8359375,2497.52545248869,83977.8567187404,107.8359375,-314.30078125,2097.1790158371,170954.922606007,314.30078125,0,0,0,0,0,0,0,0,0,0,0,0
7.16924,0,0,0,651.64008,0,0,0,0,-95.39453125,2814.79779411765,71781.0727667328,95.39453125,-301.8125,2825.40299773756,164756.556991053,301.8125,0,0,0,0,0,0,0,0,0,0,0,0
7.17366,0,0,0,655.35962,0,0,0,0,-81.7265625,3092.30062217195,62783.4452611536,81.7265625,-286.5546875,3451.99377828054,141762.62003235,286.5546875,0,0,0,0,0,0,0,0,0,0,0,0
7.17808,0,0,0,651.78717,0,0,0,0,-66.93359375,3346.82550904977,57584.8160357077,66.93359375,-268.546875,4074.1657239819,140762.883642841,268.546875,0,0,0,0,0,0,0,0,0,0,0,0
7.1825,0,0,0,640.96246,0,0,0,0,-51.20703125,3558.04581447964,47787.3994185212,51.20703125,-247.82421875,4688.38376696833,138963.358141725,247.82421875,0,0,0,0,0,0,0,0,0,0,0,0
7.18692,0,0,0,623.00592,0,0,0,0,-34.82421875,3706.51866515837,33591.1426874962,34.82421875,-224.5,5276.9725678733,133164.887082574,224.5,0,0,0,0,0,0,0,0,0,0,0,0
7.19134,0,0,0,598.11731,0,0,0,0,-17.9609375,3815.22200226244,24593.5151819169,17.9609375,-198.3515625,5915.93608597285,144561.881922975,198.3515625,0,0,0,0,0,0,0,0,0,0,0,0
7.19576,0,0,0,566.57367,0,0,0,0,-0.9609375,3846.15384615385,6998.15472656163,0.9609375,-169.921875,6432.05599547511,116769.210294629,169.921875,0,0,0,0,0,0,0,0,0,0,0,0
7.20018,0,0,0,528.72583,0,0,0,0,15.8828125,3810.80316742081,-7997.8911160705,-15.8828125,-139.00390625,6995.01555429864,127366.416023423,139.00390625,0,0,0,0,0,0,0,0,0,0,0,0
7.2046,0,0,0,484.99503,0,0,0,0,32.2890625,3711.82126696833,-22394.0951249974,-32.2890625,-106.44921875,7365.31391402715,83777.9094408386,106.44921875,0,0,0,0,0,0,0,0,0,0,0,0
7.20902,0,0,0,435.8678,0,0,0,0,47.73828125,3495.29835972851,-48987.0830859319,-47.73828125,-72.1640625,7756.82268099547,88576.644110481,72.1640625,0,0,0,0,0,0,0,0,0,0,0,0
7.21344,0,0,0,381.89078,0,0,0,0,62.07421875,3243.42477375566,-56984.9742020025,-62.07421875,-36.3671875,8098.84049773756,77379.5965479821,36.3671875,0,0,0,0,0,0,0,0,0,0,0,0
7.21786,0,0,0,323.66455,0,0,0,0,75.22265625,2974.75961538462,-60783.9724821358,-75.22265625,0.359375,8309.17703619909,47587.4521406197,-0.359375,0,0,0,0,0,0,0,0,0,0,0,0
7.22228,0,0,0,261.83698,0,0,0,0,86.3984375,2528.45729638009,-100973.37534039,-86.3984375,37.56640625,8417.88037330317,24593.5151819169,-37.56640625,0,0,0,0,0,0,0,0,0,0,0,0
7.2267,0,0,0,197.09604,0,0,0,0,95.81640625,2130.76216063348,-89976.2750557932,-95.81640625,75.11328125,8494.76809954751,17395.4131774534,-75.11328125,0,0,0,0,0,0,0,0,0,0,0,0
7.23112,0,0,0,130.16205,0,0,0,0,103.2421875,1680.04100678733,-101973.111729899,-103.2421875,112.26953125,8406.39140271493,-19994.7277901765,-112.26953125,0,0,0,0,0,0,0,0,0,0,0,0
7.23554,0,0,0,61.77977,0,0,0,0,108.46484375,1181.59643665158,-112770.264736594,-108.46484375,148.78125,8260.56985294118,-32991.3008537907,-148.78125,0,0,0,0,0,0,0,0,0,0,0,0
7.23996,0,0,0,-7.2899113,0,0,0,0,111.26171875,632.777149321267,-124167.259576995,-111.26171875,183.62109375,7882.31759049774,-85577.4349419546,-183.62109375,0,0,0,0,0,0,0,0,0,0,0,0
7.24438,0,0,0,-76.278481,0,0,0,0,111.99609375,166.148190045249,-105572.162732131,-111.99609375,216.99609375,7550.90497737557,-74980.2292131611,-216.99609375,0,0,0,0,0,0,0,0,0,0,0,0
7.2488,0,0,0,-144.41832,0,0,0,0,111.99609375,0,-37590.0882455314,-111.99609375,247.66015625,6937.57070135747,-138763.410863823,-247.66015625,0,0,0,0,0,0,0,0,0,0,0,0
7.25322,0,0,0,-210.95125,0,0,0,0,110.5,-338.482748868778,-76579.8074363752,-110.5,275.82421875,6371.95984162896,-127966.257857128,-275.82421875,0,0,0,0,0,0,0,0,0,0,0,0
7.25764,0,0,0,-275.13696,0,0,0,0,107.38671875,-704.362273755656,-82778.1730513298,-107.38671875,300.53125,5589.82607466063,-176953.34094306,-300.53125,0,0,0,0,0,0,0,0,0,0,0,0
7.26206,0,0,0,-336.26132,0,0,0,0,104.09765625,-744.131787330317,-8997.62750557934,-104.09765625,321.29296875,4697.22143665158,-201946.75068078,-321.29296875,0,0,0,0,0,0,0,0,0,0,0,0
7.26648,0,0,0,-393.64417,0,0,0,0,100.72265625,-763.574660633484,-4398.84011383878,-100.72265625,338,3779.87132352941,-207545.27446203,-338,0,0,0,0,0,0,0,0,0,0,0,0
7.2709,0,0,0,-446.64703,0,0,0,0,96.96875,-849.300056561086,-19394.885956471,-96.96875,350.1640625,2752.05033936652,-232538.68419975,-350.1640625,0,0,0,0,0,0,0,0,0,0,0,0
7.27532,0,0,0,-494.68018,0,0,0,0,93.83984375,-707.897341628959,31991.5644642821,-93.83984375,357.8125,1730.4157239819,-231139.053254438,-357.8125,0,0,0,0,0,0,0,0,0,0,0,0
7.27974,0,0,0,-537.20917,0,0,0,0,90.99609375,-643.382352941176,14596.1512868287,-90.99609375,360.99609375,720.27007918552,-228539.738641715,-360.99609375,0,0,0,0,0,0,0,0,0,0,0,0
7.28416,0,0,0,-573.76068,0,0,0,0,88.88671875,-477.234162895928,37590.0882455314,-88.88671875,360.99609375,0,-162957.031489937,-360.99609375,0,0,0,0,0,0,0,0,0,0,0,0
7.28858,0,0,0,-603.92816,0,0,0,0,87.296875,-359.693156108597,26592.9879609345,-87.296875,353.46484375,-1703.90271493213,-385498.351794599,-353.46484375,0,0,0,0,0,0,0,0,0,0,0,0
7.293,0,0,0,-627.37592,0,0,0,0,85.70703125,-359.693156108597,0,-85.70703125,342.30078125,-2525.80599547511,-185950.968448639,-342.30078125,0,0,0,0,0,0,0,0,0,0,0,0
7.29742,0,0,0,-643.84296,0,0,0,0,83.74609375,-443.651018099547,-18994.9914006675,-83.74609375,326.9921875,-3463.48274886878,-212144.06185377,-326.9921875,0,0,0,0,0,0,0,0,0,0,0,0
7.30184,0,0,0,-653.14612,0,0,0,0,81.66796875,-470.164027149321,-5998.41833705289,-81.66796875,307.9921875,-4298.64253393665,-188950.177617166,-307.9921875,0,0,0,0,0,0,0,0,0,0,0,0
7.30626,0,0,0,-655.18188,0,0,0,0,78.87890625,-631.009615384615,-36390.4045781208,-78.87890625,285.734375,-5035.70418552036,-166756.02977007,-285.734375,0,0,0,0,0,0,0,0,0,0,0,0
7.31068,0,0,0,-649.92767,0,0,0,0,75.4921875,-766.225961538461,-30591.9335189697,-75.4921875,260.0390625,-5813.41911764706,-175953.604553551,-260.0390625,0,0,0,0,0,0,0,0,0,0,0,0
7.3151,0,0,0,-637.44183,0,0,0,0,71.41796875,-921.768947963801,-35190.7209107103,-71.41796875,231.65625,-6421.4507918552,-137563.727196413,-231.65625,0,0,0,0,0,0,0,0,0,0,0,0
7.31952,0,0,0,-617.86328,0,0,0,0,66.23828125,-1171.875,-56585.0796461989,-66.23828125,200.84765625,-6970.27007918552,-124167.259576995,-200.84765625,0,0,0,0,0,0,0,0,0,0,0,0
7.32394,0,0,0,-591.40997,0,0,0,0,60.23828125,-1357.46606334842,-41988.9283593702,-60.23828125,168.0703125,-7415.68863122172,-100773.428062489,-168.0703125,0,0,0,0,0,0,0,0,0,0,0,0
7.32836,0,0,0,-558.37622,0,0,0,0,52.5859375,-1731.29949095023,-84577.6985524457,-52.5859375,134.13671875,-7677.28365384615,-59184.3942589217,-134.13671875,0,0,0,0,0,0,0,0,0,0,0,0
7.33278,0,0,0,-519.12952,0,0,0,0,43.05859375,-2155.50763574661,-95974.6933928461,-43.05859375,98.83984375,-7985.71832579186,-69781.5999877153,-98.83984375,0,0,0,0,0,0,0,0,0,0,0,0
7.3372,0,0,0,-474.1066,0,0,0,0,32.3046875,-2433.0104638009,-62783.4452611536,-32.3046875,63.01171875,-8105.91063348416,-27192.8297946397,-63.01171875,0,0,0,0,0,0,0,0,0,0,0,0
7.34162,0,0,0,-423.80841,0,0,0,0,19.9453125,-2796.23868778281,-82178.3312176246,-19.9453125,27.05859375,-8134.19117647059,-6398.31289285627,-27.05859375,0,0,0,0,0,0,0,0,0,0,0,0
7.34604,0,0,0,-368.79462,0,0,0,0,6.1953125,-3110.85972850679,-71181.2309330276,-6.1953125,-8.671875,-8083.81645927602,11396.9948404004,8.671875,0,0,0,0,0,0,0,0,0,0,0,0
7.35046,0,0,0,-309.67731,0,0,0,0,-8.47265625,-3318.54496606335,-46987.6103069142,8.47265625,-43.7734375,-7941.52997737557,32191.5117421838,43.7734375,0,0,0,0,0,0,0,0,0,0,0,0
7.35488,0,0,0,-247.11433,0,0,0,0,-23.9609375,-3504.13602941176,-41988.9283593702,23.9609375,-77.828125,-7704.68042986425,53585.8704776725,77.828125,0,0,0,0,0,0,0,0,0,0,0,0
7.3593,0,0,0,-181.80177,0,0,0,0,-39.74609375,-3571.30231900452,-15195.993120534,39.74609375,-110.6328125,-7421.875,63983.1289285642,110.6328125,0,0,0,0,0,0,0,0,0,0,0,0
7.36372,0,0,0,-114.46634,0,0,0,0,-55.60546875,-3588.09389140271,-3798.9982801335,55.60546875,-141.9765625,-7091.34615384615,74780.2819352592,141.9765625,0,0,0,0,0,0,0,0,0,0,0,0
7.36814,0,0,0,-45.857273,0,0,0,0,-71.1171875,-3509.43863122172,17795.3077332569,71.1171875,-171.5703125,-6695.4185520362,89576.3804999897,171.5703125,0,0,0,0,0,0,0,0,0,0,0,0
7.37256,0,0,0,23.262037,0,0,0,0,-86.234375,-3420.17816742081,20194.6750680781,86.234375,-199.18359375,-6247.34869909502,101373.269896194,199.18359375,0,0,0,0,0,0,0,0,0,0,0,0
7.37698,0,0,0,92.12252,0,0,0,0,-100.671875,-3266.40271493213,34790.8263549067,100.671875,-224.50390625,-5728.57748868778,117369.052128335,224.50390625,0,0,0,0,0,0,0,0,0,0,0,0
7.3814,0,0,0,159.95798,0,0,0,0,-113.73828125,-2956.20050904977,70181.4945435187,113.73828125,-247.6171875,-5229.24915158371,112970.212014496,247.6171875,0,0,0,0,0,0,0,0,0,0,0,0
7.38582,0,0,0,226.01361,0,0,0,0,-125.03515625,-2555.85407239819,90576.1168894986,125.03515625,-267.89453125,-4587.63433257919,145161.72375668,267.89453125,0,0,0,0,0,0,0,0,0,0,0,0
7.39024,0,0,0,289.55444,0,0,0,0,-134.10546875,-2052.10690045249,113969.948404005,134.10546875,-285.53515625,-3991.09162895928,134964.41258369,285.53515625,0,0,0,0,0,0,0,0,0,0,0,0
7.39466,0,0,0,349.8735,0,0,0,0,-140.75390625,-1504.1713800905,123967.312299093,140.75390625,-300.36328125,-3354.77941176471,143962.040089269,300.36328125,0,0,0,0,0,0,0,0,0,0,0,0
7.39908,0,0,0,406.29959,0,0,0,0,-144.20703125,-781.25,163556.873323642,144.20703125,-312.40234375,-2723.76979638009,142762.356421859,312.40234375,0,0,0,0,0,0,0,0,0,0,0,0
7.4035,0,0,0,458.2049,0,0,0,0,-145,-179.404694570136,136164.096251101,145,-321.28125,-2008.80231900452,161757.347822526,321.28125,0,0,0,0,0,0,0,0,0,0,0,0
7.40792,0,0,0,505.01184,0,0,0,0,-143.5,339.366515837104,117369.052128335,143.5,-327.28515625,-1358.34983031674,147161.196535697,327.28515625,0,0,0,0,0,0,0,0,0,0,0,0
7.41234,0,0,0,546.19965,0,0,0,0,-138.7890625,1065.8229638009,164356.662435249,138.7890625,-330,-614.218042986425,168355.607993284,330,0,0,0,0,0,0,0,0,0,0,0,0
7.41676,0,0,0,581.31006,0,0,0,0,-131.70703125,1602.26951357466,121367.99768637,131.70703125,-330,0,138963.358141725,330,0,0,0,0,0,0,0,0,0,0,0,0
7.42118,0,0,0,609.95239,0,0,0,0,-123.24609375,1914.23925339366,70581.3890993223,123.24609375,-326.70703125,745.015554298642,168555.555271186,326.70703125,0,0,0,0,0,0,0,0,0,0,0,0
7.4256,0,0,0,631.80786,0,0,0,0,-113.265625,2258.0246040724,77779.4911037858,113.265625,-319.046875,1733.06702488688,223541.056694171,319.046875,0,0,0,0,0,0,0,0,0,0,0,0
7.43002,0,0,0,646.63342,0,0,0,0,-101.7265625,2610.64762443439,79778.9638828033,101.7265625,-308.31640625,2427.70786199095,157158.560430786,308.31640625,0,0,0,0,0,0,0,0,0,0,0,0
7.43444,0,0,0,654.26404,0,0,0,0,-88.92578125,2896.10435520362,64582.9707622694,88.92578125,-294.640625,3094.0681561086,150760.247537929,294.640625,0,0,0,0,0,0,0,0,0,0,0,0
7.43886,0,0,0,654.61481,0,0,0,0,-74.796875,3196.58512443439,67982.0744865993,74.796875,-278.16796875,3726.84530542986,143162.250977662,278.16796875,0,0,0,0,0,0,0,0,0,0,0,0
7.44328,0,0,0,647.68188,0,0,0,0,-59.65625,3425.48076923077,51786.3449765566,59.65625,-258.9453125,4349.01725113122,140762.883642841,258.9453125,0,0,0,0,0,0,0,0,0,0,0,0
7.4477,0,0,0,633.5423,0,0,0,0,-43.73046875,3603.11792986425,40189.4028582543,43.73046875,-237.0546875,4952.63009049774,136563.990806904,237.0546875,0,0,0,0,0,0,0,0,0,0,0,0
7.45212,0,0,0,612.35352,0,0,0,0,-27.32421875,3711.82126696833,24593.5151819169,27.32421875,-212.4921875,5557.12669683258,136763.938084806,212.4921875,0,0,0,0,0,0,0,0,0,0,0,0
7.45654,0,0,0,584.3512,0,0,0,0,-10.66796875,3768.38235294118,12796.6257857128,10.66796875,-185.55859375,6093.57324660633,121367.99768637,185.55859375,0,0,0,0,0,0,0,0,0,0,0,0
7.46096,0,0,0,549.84692,0,0,0,0,6.2265625,3822.29213800905,12196.7839520076,-6.2265625,-155.95703125,6697.18608597285,136563.990806904,155.95703125,0,0,0,0,0,0,0,0,0,0,0,0
7.46538,0,0,0,509.22467,0,0,0,0,22.734375,3734.7992081448,-19794.7805122746,-22.734375,-124.5078125,7115.20786199095,94575.0624475338,124.5078125,0,0,0,0,0,0,0,0,0,0,0,0
7.4698,0,0,0,462.9364,0,0,0,0,38.6484375,3600.46662895928,-30391.986241068,-38.6484375,-91.01953125,7576.53421945701,104372.47906472,91.01953125,0,0,0,0,0,0,0,0,0,0,0,0
7.47422,0,0,0,411.49713,0,0,0,0,53.48046875,3355.66317873303,-55385.3959787882,-53.48046875,-56.34765625,7844.31561085973,60584.0252042341,56.34765625,0,0,0,0,0,0,0,0,0,0,0,0
7.47864,0,0,0,355.47928,0,0,0,0,67.46484375,3163.88574660633,-43388.5593046826,-67.46484375,-20.140625,8191.63602941176,78579.2802153928,20.140625,0,0,0,0,0,0,0,0,0,0,0,0
7.48306,0,0,0,295.50604,0,0,0,0,79.421875,2705.21069004525,-103772.637231015,-79.421875,16.8046875,8358.66798642534,37790.0355234331,-16.8046875,0,0,0,0,0,0,0,0,0,0,0,0
7.48748,0,0,0,232.24483,0,0,0,0,89.80859375,2349.93636877828,-80378.8057165087,-89.80859375,53.95703125,8405.50763574661,10597.2057287936,-53.95703125,0,0,0,0,0,0,0,0,0,0,0,0
7.4919,0,0,0,166.39946,0,0,0,0,98.2265625,1904.51781674208,-100773.428062488,-98.2265625,91.25,8437.32324660633,7198.10200446349,-91.25,0,0,0,0,0,0,0,0,0,0,0,0
7.49632,0,0,0,98.702606,0,0,0,0,104.4765625,1414.02714932127,-110970.739235478,-104.4765625,127.765625,8261.4536199095,-39789.5083024508,-127.765625,0,0,0,0,0,0,0,0,0,0,0,0
7.50074,0,0,0,29.907522,0,0,0,0,108.2734375,859.02149321267,-125566.890522307,-108.2734375,163.58984375,8105.02686651584,-35390.6681886121,-163.58984375,0,0,0,0,0,0,0,0,0,0,0,0
7.50516,0,0,0,-39.220341,0,0,0,0,109.99609375,389.741233031674,-106172.004565836,-109.99609375,197.56640625,7687.00509049774,-94575.0624475338,-197.56640625,0,0,0,0,0,0,0,0,0,0,0,0
7.50958,0,0,0,-107.9118,0,0,0,0,109.99609375,0,-88176.7495546774,-109.99609375,229.57421875,7241.58653846154,-100773.428062488,-229.57421875,0,0,0,0,0,0,0,0,0,0,0,0
7.514,0,0,0,-175.40256,0,0,0,0,109.99609375,0,0,-109.99609375,259.08203125,6675.97567873303,-127966.257857128,-259.08203125,0,0,0,0,0,0,0,0,0,0,0,0
7.51842,0,0,0,-240.94167,0,0,0,0,106.23046875,-851.951357466063,-192749.175897299,-106.23046875,285.3984375,5953.93806561086,-163356.92604574,-285.3984375,0,0,0,0,0,0,0,0,0,0,0,0
7.52284,0,0,0,-303.79987,0,0,0,0,103.125,-702.594739819005,33791.0899653979,-103.125,308.2890625,5178.87443438914,-175353.762719846,-308.2890625,0,0,0,0,0,0,0,0,0,0,0,0
7.52726,0,0,0,-363.27777,0,0,0,0,99.5859375,-800.692873303167,-22194.1478470957,-99.5859375,326.828125,4194.35803167421,-222741.267582564,-326.828125,0,0,0,0,0,0,0,0,0,0,0,0
7.53168,0,0,0,-418.71356,0,0,0,0,96.0859375,-791.855203619909,1999.47277901765,-96.0859375,341.37109375,3290.26442307692,-204546.065293503,-341.37109375,0,0,0,0,0,0,0,0,0,0,0,0
7.5361,0,0,0,-469.49042,0,0,0,0,92.96484375,-706.129807692308,19394.885956471,-92.96484375,351.1328125,2208.53365384615,-244735.468151758,-351.1328125,0,0,0,0,0,0,0,0,0,0,0,0
7.54052,0,0,0,-515.0434,0,0,0,0,90,-670.779128959276,7997.8911160705,-90,356.5,1214.29581447964,-224940.687639483,-356.5,0,0,0,0,0,0,0,0,0,0,0,0
7.54494,0,0,0,-554.8656,0,0,0,0,87.75,-509.049773755656,36590.3518560226,-87.75,357.83203125,301.364536199095,-206545.538072521,-357.83203125,0,0,0,0,0,0,0,0,0,0,0,0
7.54936,0,0,0,-588.51398,0,0,0,0,86,-395.927601809955,25593.2515714257,-86,354.14453125,-834.276018099547,-256932.252103765,-354.14453125,0,0,0,0,0,0,0,0,0,0,0,0
7.55378,0,0,0,-615.61407,0,0,0,0,84.89453125,-250.106052036199,32991.3008537909,-84.89453125,344.984375,-2072.43354072398,-280126.13634037,-344.984375,0,0,0,0,0,0,0,0,0,0,0,0
7.5582,0,0,0,-635.86438,0,0,0,0,83.1953125,-384.438631221719,-30391.986241068,-83.1953125,331.89453125,-2961.50311085973,-201146.961569173,-331.89453125,0,0,0,0,0,0,0,0,0,0,0,0
7.56262,0,0,0,-649.03961,0,0,0,0,81.58984375,-363.2282239819,4798.73466964231,-81.58984375,314.875,-3850.57268099547,-201146.961569173,-314.875,0,0,0,0,0,0,0,0,0,0,0,0
7.56704,0,0,0,-654.99316,0,0,0,0,79.359375,-504.630938914027,-31991.5644642821,-79.359375,294.37890625,-4637.12528280543,-177953.077332569,-294.37890625,0,0,0,0,0,0,0,0,0,0,0,0
7.57146,0,0,0,-653.65869,0,0,0,0,76.68359375,-605.380373303167,-22793.989680801,-76.68359375,270.57421875,-5385.67590497738,-169355.344382793,-270.57421875,0,0,0,0,0,0,0,0,0,0,0,0
7.57588,0,0,0,-645.05121,0,0,0,0,72.90625,-854.602658371041,-56385.1323682971,-72.90625,243.7109375,-6077.66544117647,-156558.71859708,-243.7109375,0,0,0,0,0,0,0,0,0,0,0,0
7.5803,0,0,0,-629.26636,0,0,0,0,68.671875,-958.003393665158,-23393.8315145063,-68.671875,214.39453125,-6632.67109728507,-125566.890522307,-214.39453125,0,0,0,0,0,0,0,0,0,0,0,0
7.58472,0,0,0,-606.4798,0,0,0,0,62.9765625,-1288.532239819,-74780.2819352593,-62.9765625,182.87890625,-7130.23190045249,-112570.317458692,-182.87890625,0,0,0,0,0,0,0,0,0,0,0,0
7.58914,0,0,0,-576.94513,0,0,0,0,56.20703125,-1531.5681561086,-54985.5014229848,-56.20703125,149.73046875,-7499.64649321267,-83577.9621629369,-149.73046875,0,0,0,0,0,0,0,0,0,0,0,0
7.59356,0,0,0,-540.99091,0,0,0,0,48,-1856.79440045249,-73580.5982678487,-48,115.1328125,-7827.52403846154,-74180.4401015541,-115.1328125,0,0,0,0,0,0,0,0,0,0,0,0
7.59798,0,0,0,-499.01721,0,0,0,0,38.11328125,-2236.81419683258,-85977.329497758,-38.11328125,79.890625,-7973.34558823529,-32991.3008537909,-79.890625,0,0,0,0,0,0,0,0,0,0,0,0
7.6024,0,0,0,-451.49109,0,0,0,0,26.640625,-2595.62358597285,-81178.5948281157,-26.640625,44.31640625,-8048.46578054299,-16995.5186216499,-44.31640625,0,0,0,0,0,0,0,0,0,0,0,0
7.60682,0,0,0,-398.94135,0,0,0,0,13.80859375,-2903.17449095023,-69581.6527098135,-13.80859375,8.7421875,-8048.46578054299,0,-8.7421875,0,0,0,0,0,0,0,0,0,0,0,0
7.61124,0,0,0,-341.95267,0,0,0,0,-0.3984375,-3214.2604638009,-70381.4418214206,0.3984375,-26.09765625,-7882.31759049774,37590.0882455315,26.09765625,0,0,0,0,0,0,0,0,0,0,0,0
7.61566,0,0,0,-281.15918,0,0,0,0,-15.48828125,-3413.99179864253,-45188.0848057984,15.48828125,-60.3828125,-7756.82268099547,28392.5134620502,60.3828125,0,0,0,0,0,0,0,0,0,0,0,0
7.62008,0,0,0,-217.23729,0,0,0,0,-31.04296875,-3519.1600678733,-23793.7260703098,31.04296875,-93.50390625,-7493.46012443439,59584.2888147254,93.50390625,0,0,0,0,0,0,0,0,0,0,0,0
7.6245,0,0,0,-150.89825,0,0,0,0,-46.828125,-3571.30231900452,-11796.889396204,46.828125,-125.21875,-7175.3040158371,71981.0200446347,125.21875,0,0,0,0,0,0,0,0,0,0,0,0
7.62892,0,0,0,-82.880219,0,0,0,0,-62.56640625,-3560.69711538462,2399.36733482113,62.56640625,-155.33203125,-6812.95955882353,81978.3839397227,155.33203125,0,0,0,0,0,0,0,0,0,0,0,0
7.63334,0,0,0,-13.939998,0,0,0,0,-78.0078125,-3493.53082579186,15195.993120534,78.0078125,-183.734375,-6425.86962669683,87576.9077209722,183.734375,0,0,0,0,0,0,0,0,0,0,0,0
7.63776,0,0,0,55.155334,0,0,0,0,-92.984375,-3388.36255656109,23793.7260703098,92.984375,-209.67578125,-5869.09643665158,125966.78507811,209.67578125,0,0,0,0,0,0,0,0,0,0,0,0
7.64218,0,0,0,123.63696,0,0,0,0,-106.4140625,-3038.39083710407,79179.1220490981,106.4140625,-233.55078125,-5401.58371040724,105772.110010033,233.55078125,0,0,0,0,0,0,0,0,0,0,0,0
7.6466,0,0,0,190.74292,0,0,0,0,-118.73046875,-2786.51725113122,56984.9742020023,118.73046875,-255.1484375,-4886.3475678733,116569.263016728,255.1484375,0,0,0,0,0,0,0,0,0,0,0,0
7.65102,0,0,0,255.72652,0,0,0,0,-129.02734375,-2329.60972850679,103372.742675211,129.02734375,-273.7109375,-4199.66063348416,155359.03492967,273.7109375,0,0,0,0,0,0,0,0,0,0,0,0
7.65544,0,0,0,317.86472,0,0,0,0,-136.84765625,-1769.30147058824,126766.574189718,136.84765625,-289.75,-3628.7471719457,129165.941524539,289.75,0,0,0,0,0,0,0,0,0,0,0,0
7.65986,0,0,0,376.46613,0,0,0,0,-142,-1165.68863122172,136563.990806904,142,-303.14453125,-3030.43693438914,135364.307139493,303.14453125,0,0,0,0,0,0,0,0,0,0,0,0
7.66428,0,0,0,430.87866,0,0,0,0,-144,-452.488687782805,161357.453266723,144,-313.4140625,-2323.42335972851,159957.82232141,313.4140625,0,0,0,0,0,0,0,0,0,0,0,0
7.6687,0,0,0,480.49695,0,0,0,0,-144,0,102373.006285703,144,-320.921875,-1698.60011312217,141362.725476546,320.921875,0,0,0,0,0,0,0,0,0,0,0,0
7.67312,0,0,0,524.76886,0,0,0,0,-140.24609375,849.300056561086,192149.334063594,140.24609375,-325.13671875,-953.584558823529,168555.555271186,325.13671875,0,0,0,0,0,0,0,0,0,0,0,0
7.67754,0,0,0,563.20178,0,0,0,0,-134.46484375,1307.97511312217,103772.637231015,134.46484375,-326.9375,-407.41657239819,123567.417743289,326.9375,0,0,0,0,0,0,0,0,0,0,0,0
7.68196,0,0,0,595.3681,0,0,0,0,-126.6328125,1771.95277149321,104972.320898425,126.6328125,-325.5,325.226244343891,165756.293380561,325.5,0,0,0,0,0,0,0,0,0,0,0,0
7.68638,0,0,0,620.90991,0,0,0,0,-117.3515625,2099.83031674208,74180.440101554,117.3515625,-320.19140625,1201.03930995475,198147.752400647,320.19140625,0,0,0,0,0,0,0,0,0,0,0,0
7.6908,0,0,0,639.54303,0,0,0,0,-106.625,2426.82409502262,73980.4928236522,106.625,-311.0078125,2077.73614253394,198347.699678549,311.0078125,0,0,0,0,0,0,0,0,0,0,0,0
7.69522,0,0,0,651.06006,0,0,0,0,-94.28515625,2791.81985294118,82578.2257734281,94.28515625,-299.00390625,2715.81589366516,144361.934645073,299.00390625,0,0,0,0,0,0,0,0,0,0,0,0
7.69964,0,0,0,655.33295,0,0,0,0,-80.63671875,3087.88178733032,66982.3380970906,80.63671875,-284.26953125,3333.56900452489,139763.147253332,284.26953125,0,0,0,0,0,0,0,0,0,0,0,0
7.70406,0,0,0,652.31415,0,0,0,0,-65.88671875,3337.10407239819,56385.1323682971,65.88671875,-266.7890625,3954.85718325792,140562.936364939,266.7890625,0,0,0,0,0,0,0,0,0,0,0,0
7.70848,0,0,0,642.03717,0,0,0,0,-50.40625,3502.36849547511,37390.1409676297,50.40625,-246.63671875,4559.35378959276,136763.938084806,246.63671875,0,0,0,0,0,0,0,0,0,0,0,0
7.7129,0,0,0,624.61639,0,0,0,0,-34.1796875,3671.16798642534,38189.9300792367,34.1796875,-223.7421875,5179.75820135747,140362.989087037,223.7421875,0,0,0,0,0,0,0,0,0,0,0,0
7.71732,0,0,0,600.24567,0,0,0,0,-17.4375,3787.82522624434,26393.0406830326,17.4375,-198.33203125,5748.90412895928,128766.046968735,198.33203125,0,0,0,0,0,0,0,0,0,0,0,0
7.72174,0,0,0,569.19617,0,0,0,0,-0.67578125,3792.24406108597,999.736389508864,0.67578125,-170.4609375,6305.67731900452,125966.78507811,170.4609375,0,0,0,0,0,0,0,0,0,0,0,0
7.72616,0,0,0,531.81335,0,0,0,0,16.0546875,3785.17392533937,-1599.57822321412,-16.0546875,-140.21484375,6843.00763574661,121567.944964272,140.21484375,0,0,0,0,0,0,0,0,0,0,0,0
7.73058,0,0,0,488.51318,0,0,0,0,32.234375,3660.56278280543,-28192.5661841486,-32.234375,-107.96484375,7296.38009049774,102572.953563604,107.96484375,0,0,0,0,0,0,0,0,0,0,0,0
7.735,0,0,0,439.77747,0,0,0,0,47.5546875,3466.13404977376,-43988.4011383877,-47.5546875,-74.1640625,7647.23557692308,79379.0693269998,74.1640625,0,0,0,0,0,0,0,0,0,0,0,0
7.73942,0,0,0,386.14844,0,0,0,0,61.6796875,3195.70135746606,-61183.8670379394,-61.6796875,-38.8671875,7985.71832579186,76579.8074363753,38.8671875,0,0,0,0,0,0,0,0,0,0,0,0
7.74384,0,0,0,328.22284,0,0,0,0,74.609375,2925.26866515837,-61183.8670379394,-74.609375,-2.56640625,8212.84643665158,51386.4504207531,2.56640625,0,0,0,0,0,0,0,0,0,0,0,0
7.74826,0,0,0,266.6452,0,0,0,0,85.6796875,2504.59558823529,-95174.9042812391,-85.6796875,34.328125,8347.1790158371,30391.986241068,-34.328125,0,0,0,0,0,0,0,0,0,0,0,0
7.75268,0,0,0,202.10065,0,0,0,0,94.99609375,2107.78421945701,-89776.3277778916,-94.99609375,71.33203125,8371.92449095022,5598.52378124906,-71.33203125,0,0,0,0,0,0,0,0,0,0,0,0
7.7571,0,0,0,135.30737,0,0,0,0,102.12109375,1611.99095022624,-112170.422902889,-102.12109375,108.37109375,8379.87839366516,1799.52550111608,-108.37109375,0,0,0,0,0,0,0,0,0,0,0,0
7.76152,0,0,0,67.008575,0,0,0,0,107.1015625,1126.80288461538,-109771.055568068,-107.1015625,144.4296875,8158.05288461538,-50186.7667533426,-144.4296875,0,0,0,0,0,0,0,0,0,0,0,0
7.76594,0,0,0,-2.0358114,0,0,0,0,109.57421875,559.424490950226,-128366.152412932,-109.57421875,179.31640625,7892.92279411765,-59984.1833705287,-179.31640625,0,0,0,0,0,0,0,0,0,0,0,0
7.77036,0,0,0,-71.057549,0,0,0,0,109.99609375,95.4468325791855,-104972.320898425,-109.99609375,212.51171875,7510.25169683258,-86577.1713314633,-212.51171875,0,0,0,0,0,0,0,0,0,0,0,0
7.77478,0,0,0,-139.28865,0,0,0,0,109.99609375,0,-21594.3060133904,-109.99609375,243.2265625,6949.0596719457,-126966.52146762,-243.2265625,0,0,0,0,0,0,0,0,0,0,0,0
7.7792,0,0,0,-205.96991,0,0,0,0,107.8515625,-485.18806561086,-109771.055568068,-107.8515625,271.1015625,6306.56108597285,-145361.671034582,-271.1015625,0,0,0,0,0,0,0,0,0,0,0,0
7.78362,0,0,0,-270.35941,0,0,0,0,104.7890625,-692.873303167421,-46987.6103069143,-104.7890625,295.703125,5565.96436651584,-167555.818881677,-295.703125,0,0,0,0,0,0,0,0,0,0,0,0
7.78804,0,0,0,-331.74066,0,0,0,0,101.546875,-733.526583710407,-9197.57478348109,-101.546875,316.7890625,4770.57409502262,-179952.550111586,-316.7890625,0,0,0,0,0,0,0,0,0,0,0,0
7.79246,0,0,0,-389.43076,0,0,0,0,97.8515625,-836.043552036199,-23193.8842366045,-97.8515625,333.3203125,3740.10180995475,-233138.526033456,-333.3203125,0,0,0,0,0,0,0,0,0,0,0,0
7.79688,0,0,0,-442.78772,0,0,0,0,94.3046875,-802.460407239819,7597.99656026699,-94.3046875,345.59375,2776.79581447964,-217942.532912921,-345.59375,0,0,0,0,0,0,0,0,0,0,0,0
7.8013,0,0,0,-491.2179,0,0,0,0,91.16015625,-711.432409502262,20594.5696238816,-91.16015625,353.2265625,1726.8806561086,-237537.366147294,-353.2265625,0,0,0,0,0,0,0,0,0,0,0,0
7.80572,0,0,0,-534.18243,0,0,0,0,88.828125,-527.608880090498,41589.0338035667,-88.828125,356.37890625,713.199943438914,-229339.527753322,-356.37890625,0,0,0,0,0,0,0,0,0,0,0,0
7.81014,0,0,0,-571.20325,0,0,0,0,87,-413.602941176471,25793.1988493274,-87,356.99609375,139.635180995475,-129765.783358244,-356.99609375,0,0,0,0,0,0,0,0,0,0,0,0
7.81456,0,0,0,-601.86841,0,0,0,0,85.82421875,-266.013857466063,33391.1954095944,-85.82421875,349.625,-1667.66826923077,-408892.183309105,-349.625,0,0,0,0,0,0,0,0,0,0,0,0
7.81898,0,0,0,-625.83673,0,0,0,0,84.5390625,-290.759332579186,-5598.52378124937,-84.5390625,338.50390625,-2516.08455882353,-191949.386785692,-338.50390625,0,0,0,0,0,0,0,0,0,0,0,0
7.8234,0,0,0,-642.84155,0,0,0,0,82.828125,-387.089932126697,-21794.2532912921,-82.828125,323.5390625,-3385.71125565611,-196748.121455335,-323.5390625,0,0,0,0,0,0,0,0,0,0,0,0
7.82782,0,0,0,-652.6936,0,0,0,0,80.97265625,-419.789309954751,-7398.04928236523,-80.97265625,304.76953125,-4246.50028280543,-194748.648676317,-304.76953125,0,0,0,0,0,0,0,0,0,0,0,0
7.83224,0,0,0,-655.28333,0,0,0,0,78.61328125,-533.795248868778,-25793.1988493274,-78.61328125,282.86328125,-4956.16515837104,-160557.664155116,-282.86328125,0,0,0,0,0,0,0,0,0,0,0,0
7.83666,0,0,0,-650.58185,0,0,0,0,75.515625,-700.827205882353,-37790.0355234332,-75.515625,257.76953125,-5677.31900452489,-163156.978767839,-257.76953125,0,0,0,0,0,0,0,0,0,0,0,0
7.84108,0,0,0,-638.64154,0,0,0,0,71.71484375,-859.905260180995,-35990.5100223173,-71.71484375,229.91796875,-6301.2584841629,-141162.778198645,-229.91796875,0,0,0,0,0,0,0,0,0,0,0,0
7.8455,0,0,0,-619.59521,0,0,0,0,66.8203125,-1107.36001131222,-55985.2378124936,-66.8203125,199.5078125,-6880.12584841629,-130965.467025655,-199.5078125,0,0,0,0,0,0,0,0,0,0,0,0
7.84992,0,0,0,-593.65479,0,0,0,0,60.98046875,-1321.23161764706,-48387.2412522266,-60.98046875,167.2890625,-7289.30995475113,-92575.5896685163,-167.2890625,0,0,0,0,0,0,0,0,0,0,0,0
7.85434,0,0,0,-561.10895,0,0,0,0,53.5625,-1678.27347285068,-80778.7002723122,-53.5625,133.73828125,-7590.67449095023,-68182.0217645011,-133.73828125,0,0,0,0,0,0,0,0,0,0,0,0
7.85876,0,0,0,-522.31976,0,0,0,0,44.671875,-2011.4536199095,-75380.1237689646,-44.671875,98.92578125,-7876.13122171946,-64582.9707622693,-98.92578125,0,0,0,0,0,0,0,0,0,0,0,0
7.86318,0,0,0,-477.71884,0,0,0,0,33.921875,-2432.12669683258,-95174.9042812391,-33.921875,63.61328125,-7989.25339366516,-25593.2515714257,-63.61328125,0,0,0,0,0,0,0,0,0,0,0,0
7.8676,0,0,0,-427.80246,0,0,0,0,21.82421875,-2737.02630090498,-68981.8108761082,-21.82421875,28.23046875,-8005.16119909502,-3599.05100223174,-28.23046875,0,0,0,0,0,0,0,0,0,0,0,0
7.87202,0,0,0,-373.12607,0,0,0,0,8.1953125,-3083.46295248869,-78379.3329374911,-8.1953125,-6.8125,-7928.27347285068,17395.4131774534,6.8125,0,0,0,0,0,0,0,0,0,0,0,0
7.87644,0,0,0,-314.29797,0,0,0,0,-6.26171875,-3270.82154977376,-42388.8229151737,6.26171875,-41.28515625,-7799.24349547511,29192.3025736575,41.28515625,0,0,0,0,0,0,0,0,0,0,0,0
7.88086,0,0,0,-251.97275,0,0,0,0,-21.67578125,-3487.34445701357,-48987.0830859318,21.67578125,-74.6796875,-7555.32381221719,55185.4487008865,74.6796875,0,0,0,0,0,0,0,0,0,0,0,0
7.88528,0,0,0,-186.8439,0,0,0,0,-37.4375,-3565.99971719457,-17795.3077332569,37.4375,-107.1171875,-7338.80090497738,48987.0830859318,107.1171875,0,0,0,0,0,0,0,0,0,0,0,0
7.8897,0,0,0,-119.63609,0,0,0,0,-53.33984375,-3597.8153280543,-7198.10200446349,53.33984375,-137.86328125,-6956.12980769231,86577.1713314633,137.86328125,0,0,0,0,0,0,0,0,0,0,0,0
7.89412,0,0,0,-51.097111,0,0,0,0,-69,-3543.0217760181,12396.7312299093,69,-167.1953125,-6636.20616515837,72380.9146004382,167.1953125,0,0,0,0,0,0,0,0,0,0,0,0
7.89854,0,0,0,18.01041,0,0,0,0,-84.1015625,-3416.64309954751,28592.4607399521,84.1015625,-194.125,-6092.68947963801,122967.575909584,194.125,0,0,0,0,0,0,0,0,0,0,0,0
7.90296,0,0,0,86.917534,0,0,0,0,-98.29296875,-3210.7253959276,46587.7157511107,98.29296875,-219.19140625,-5671.13263574661,95374.8515591408,219.19140625,0,0,0,0,0,0,0,0,0,0,0,0
7.90738,0,0,0,154.85754,0,0,0,0,-111.51953125,-2992.43495475113,49386.9776417355,111.51953125,-241.73046875,-5099.33540723982,129365.888802441,241.73046875,0,0,0,0,0,0,0,0,0,0,0,0
7.9118,0,0,0,221.07449,0,0,0,0,-122.6953125,-2528.45729638009,104972.320898426,122.6953125,-261.9140625,-4566.42392533937,120568.208574763,261.9140625,0,0,0,0,0,0,0,0,0,0,0,0
7.91622,0,0,0,284.8316,0,0,0,0,-131.76171875,-2051.22313348416,107971.530066952,131.76171875,-279.39453125,-3954.85718325792,138363.51630802,279.39453125,0,0,0,0,0,0,0,0,0,0,0,0
7.92064,0,0,0,345.41946,0,0,0,0,-138.44140625,-1511.2415158371,122167.786797977,138.44140625,-294,-3304.40469457014,147161.196535697,294,0,0,0,0,0,0,0,0,0,0,0,0
7.92506,0,0,0,402.16394,0,0,0,0,-142.21484375,-853.718891402715,148760.774758912,142.21484375,-305.85546875,-2682.23274886878,140762.883642841,305.85546875,0,0,0,0,0,0,0,0,0,0,0,0
7.92948,0,0,0,454.43362,0,0,0,0,-143,-177.637160633484,152959.667594849,143,-314.83984375,-2032.66402714932,146961.249257796,314.83984375,0,0,0,0,0,0,0,0,0,0,0,0
7.9339,0,0,0,501.64694,0,0,0,0,-143,0,40189.4028582543,143,-321,-1393.70050904977,144561.881922975,321,0,0,0,0,0,0,0,0,0,0,0,0
7.93832,0,0,0,543.27856,0,0,0,0,-137.0625,1343.3257918552,303919.86241068,137.0625,-324,-678.733031674208,161757.347822526,324,0,0,0,0,0,0,0,0,0,0,0,0
7.94274,0,0,0,578.86523,0,0,0,0,-130.1953125,1553.66233031674,47587.4521406195,130.1953125,-324,0,153559.509428554,324,0,0,0,0,0,0,0,0,0,0,0,0
7.94716,0,0,0,608.01105,0,0,0,0,-121.49609375,1968.14903846154,93775.2733359268,121.49609375,-321.5625,551.470588235294,124767.1014107,321.5625,0,0,0,0,0,0,0,0,0,0,0,0
7.95158,0,0,0,630.39166,0,0,0,0,-111.44921875,2273.04864253394,68981.8108761081,111.44921875,-314.39453125,1621.71238687783,242136.153539035,314.39453125,0,0,0,0,0,0,0,0,0,0,0,0
7.956,0,0,0,645.75806,0,0,0,0,-99.80078125,2635.39309954751,81978.3839397228,99.80078125,-304.2421875,2296.91035067873,152759.720316947,304.2421875,0,0,0,0,0,0,0,0,0,0,0,0
7.96042,0,0,0,653.93927,0,0,0,0,-86.9296875,2912.01216063348,62583.4979832517,86.9296875,-290.9453125,3008.342760181,160957.558710919,290.9453125,0,0,0,0,0,0,0,0,0,0,0,0
7.96484,0,0,0,654.8443,0,0,0,0,-72.640625,3232.81957013575,72580.8618783399,72.640625,-275.00390625,3606.65299773756,135364.307139493,275.00390625,0,0,0,0,0,0,0,0,0,0,0,0
7.96926,0,0,0,648.46295,0,0,0,0,-57.44140625,3438.73727375566,46587.7157511107,57.44140625,-256.5859375,4166.96125565611,126766.574189718,256.5859375,0,0,0,0,0,0,0,0,0,0,0,0
7.97368,0,0,0,634.86639,0,0,0,0,-41.4140625,3626.09587104072,42388.8229151737,41.4140625,-235.05859375,4870.43976244344,159158.033209803,235.05859375,0,0,0,0,0,0,0,0,0,0,0,0
7.9781,0,0,0,614.20581,0,0,0,0,-24.92578125,3730.38037330317,23593.7787924081,24.92578125,-211.1328125,5413.07268099547,122767.628631682,211.1328125,0,0,0,0,0,0,0,0,0,0,0,0
7.98252,0,0,0,586.71112,0,0,0,0,-8.13671875,3798.43042986425,15395.9403984357,8.13671875,-184.875,5940.68156108597,119368.524907352,184.875,0,0,0,0,0,0,0,0,0,0,0,0
7.98694,0,0,0,552.68823,0,0,0,0,8.8046875,3832.89734162896,7797.94383816875,-8.8046875,-155.765625,6585.8314479638,145961.512868287,155.765625,0,0,0,0,0,0,0,0,0,0,0,0
7.99136,0,0,0,512.51575,0,0,0,0,25.1796875,3704.75113122172,-28992.3552957556,-25.1796875,-124.76171875,7014.45842760181,96974.429782355,124.76171875,0,0,0,0,0,0,0,0,0,0,0,0
7.99578,0,0,0,466.64059,0,0,0,0,41.04296875,3588.97765837104,-26193.093405131,-41.04296875,-91.7109375,7477.55231900452,104772.373620524,91.7109375,0,0,0,0,0,0,0,0,0,0,0,0
8.0002,0,0,0,415.57324,0,0,0,0,55.8203125,3343.29044117647,-55585.3432566901,-55.8203125,-57.36328125,7770.96295248869,66382.4962633852,57.36328125,0,0,0,0,0,0,0,0,0,0,0,0
8.00462,0,0,0,359.88193,0,0,0,0,69.3203125,3054.29864253394,-65382.7598738765,-69.3203125,-21.52734375,8107.67816742081,76179.9128805718,21.52734375,0,0,0,0,0,0,0,0,0,0,0,0
8.00904,0,0,0,300.18631,0,0,0,0,81.30078125,2710.5132918552,-77779.4911037857,-81.30078125,14.9296875,8248.19711538462,31791.6171863803,-14.9296875,0,0,0,0,0,0,0,0,0,0,0,0
8.01346,0,0,0,237.15056,0,0,0,0,91.80078125,2375.56561085973,-75780.0183247682,-91.80078125,52.2109375,8434.67194570136,42188.8756372719,-52.2109375,0,0,0,0,0,0,0,0,0,0,0,0
8.01788,0,0,0,171.47612,0,0,0,0,99.96875,1847.95673076923,-119368.524907352,-99.96875,89.16015625,8359.55175339367,-16995.5186216497,-89.16015625,0,0,0,0,0,0,0,0,0,0,0,0
8.0223,0,0,0,103.8937,0,0,0,0,105.6796875,1292.06730769231,-125766.837800209,-105.6796875,125.671875,8260.56985294118,-22394.0951249975,-125.671875,0,0,0,0,0,0,0,0,0,0,0,0
8.02672,0,0,0,35.155277,0,0,0,0,109.4609375,855.486425339366,-98773.9552834709,-109.4609375,161.390625,8081.16515837104,-40589.297414058,-161.390625,0,0,0,0,0,0,0,0,0,0,0,0
8.03114,0,0,0,-33.974304,0,0,0,0,110.99609375,347.320418552036,-114969.684793514,-110.99609375,195.5390625,7725.89083710407,-80378.8057165087,-195.5390625,0,0,0,0,0,0,0,0,0,0,0,0
8.03556,0,0,0,-102.72587,0,0,0,0,110.99609375,0,-78579.2802153928,-110.99609375,227.60546875,7254.84304298642,-106571.89912164,-227.60546875,0,0,0,0,0,0,0,0,0,0,0,0
8.03998,0,0,0,-170.33443,0,0,0,0,110.99609375,0,0,-110.99609375,257.13671875,6681.27828054299,-129765.783358244,-257.13671875,0,0,0,0,0,0,0,0,0,0,0,0
8.0444,0,0,0,-236.0477,0,0,0,0,107.5859375,-771.528563348416,-174553.973608239,-107.5859375,283.65625,5999.8939479638,-154159.351262259,-283.65625,0,0,0,0,0,0,0,0,0,0,0,0
8.04882,0,0,0,-299.13455,0,0,0,0,104.37109375,-727.340214932127,9997.36389508815,-104.37109375,306.5703125,5184.17703619909,-184551.337503327,-306.5703125,0,0,0,0,0,0,0,0,0,0,0,0
8.05324,0,0,0,-358.89301,0,0,0,0,101.0546875,-750.318156108597,-5198.62922544584,-101.0546875,325.5390625,4291.57239819004,-201946.750680781,-325.5390625,0,0,0,0,0,0,0,0,0,0,0,0
8.05766,0,0,0,-414.65811,0,0,0,0,97.4140625,-823.670814479638,-16595.6240658463,-97.4140625,340.421875,3367.15214932127,-209144.852685244,-340.421875,0,0,0,0,0,0,0,0,0,0,0,0
8.06208,0,0,0,-465.80945,0,0,0,0,94,-772.412330316742,11596.9421183022,-94,350.4296875,2264.21097285068,-249534.2028214,-350.4296875,0,0,0,0,0,0,0,0,0,0,0,0
8.0665,0,0,0,-511.77786,0,0,0,0,91,-678.733031674208,21194.4114575869,-91,356.046875,1270.85690045249,-224740.740361581,-356.046875,0,0,0,0,0,0,0,0,0,0,0,0
8.07092,0,0,0,-552.05182,0,0,0,0,88.84765625,-486.955599547511,43388.5593046825,-88.84765625,356.99609375,214.755373303167,-238936.997092607,-356.99609375,0,0,0,0,0,0,0,0,0,0,0,0
8.07534,0,0,0,-586.18323,0,0,0,0,87.140625,-386.206165158371,22793.989680801,-87.140625,354.5390625,-555.889423076923,-174354.026330337,-354.5390625,0,0,0,0,0,0,0,0,0,0,0,0
8.07976,0,0,0,-613.79236,0,0,0,0,85.8203125,-298.713235294118,19794.7805122745,-85.8203125,345.87890625,-1959.31136877828,-317516.277307999,-345.87890625,0,0,0,0,0,0,0,0,0,0,0,0
8.08418,0,0,0,-634.57196,0,0,0,0,84.40234375,-320.807409502262,-4998.68194754407,-84.40234375,333.16015625,-2877.54524886878,-207745.221739932,-333.16015625,0,0,0,0,0,0,0,0,0,0,0,0
8.0886,0,0,0,-648.29083,0,0,0,0,82.28515625,-479.001696832579,-35790.5627444155,-82.28515625,316.2578125,-3824.0596719457,-214143.534632788,-316.2578125,0,0,0,0,0,0,0,0,0,0,0,0
8.09302,0,0,0,-654.79633,0,0,0,0,79.9765625,-522.306278280543,-9797.41661718638,-79.9765625,295.9375,-4597.35576923077,-174953.868164042,-295.9375,0,0,0,0,0,0,0,0,0,0,0,0
8.09744,0,0,0,-654.01605,0,0,0,0,77.30078125,-605.380373303167,-18795.0441227657,-77.30078125,272.3515625,-5336.18495475113,-167155.924325874,-272.3515625,0,0,0,0,0,0,0,0,0,0,0,0
8.10186,0,0,0,-645.95874,0,0,0,0,73.5546875,-847.532522624434,-54785.554145083,-73.5546875,246.0546875,-5949.51923076923,-138763.410863823,-246.0546875,0,0,0,0,0,0,0,0,0,0,0,0
8.10628,0,0,0,-630.71399,0,0,0,0,69.19921875,-985.400169683258,-31191.775352675,-69.19921875,216.75390625,-6629.13602941176,-153759.456706456,-216.75390625,0,0,0,0,0,0,0,0,0,0,0,0
8.1107,0,0,0,-608.45142,0,0,0,0,63.53125,-1282.34587104072,-67182.2853749923,-63.53125,185.62109375,-7043.62273755656,-93775.2733359268,-185.62109375,0,0,0,0,0,0,0,0,0,0,0,0
8.11512,0,0,0,-579.41876,0,0,0,0,56.734375,-1537.75452488688,-57784.7633136095,-56.734375,152.42578125,-7510.25169683258,-105572.162732131,-152.42578125,0,0,0,0,0,0,0,0,0,0,0,0
8.11954,0,0,0,-543.93909,0,0,0,0,48.48828125,-1865.63207013575,-74180.440101554,-48.48828125,118.26953125,-7727.65837104072,-49187.0303638335,-118.26953125,0,0,0,0,0,0,0,0,0,0,0,0
8.12396,0,0,0,-502.40714,0,0,0,0,38.62109375,-2232.39536199095,-82978.1203292316,-38.62109375,83.07421875,-7962.74038461538,-53185.975921869,-83.07421875,0,0,0,0,0,0,0,0,0,0,0,0
8.12838,0,0,0,-455.285,0,0,0,0,27.046875,-2618.60152714932,-87376.9604430703,-27.046875,47.515625,-8044.93071266968,-18595.0968448641,-47.515625,0,0,0,0,0,0,0,0,0,0,0,0
8.1328,0,0,0,-403.09705,0,0,0,0,14.26953125,-2890.80175339367,-61583.761593743,-14.26953125,12.03125,-8028.13914027149,3798.9982801336,-12.03125,0,0,0,0,0,0,0,0,0,0,0,0
8.13722,0,0,0,-346.42392,0,0,0,0,0.20703125,-3181.56108597285,-65782.65442968,-0.20703125,-23.05859375,-7938.87867647059,20194.6750680781,23.05859375,0,0,0,0,0,0,0,0,0,0,0,0
8.14164,0,0,0,-285.89624,0,0,0,0,-14.63671875,-3358.31447963801,-39989.4555803526,14.63671875,-57.1953125,-7723.23953619909,48787.13580803,57.1953125,0,0,0,0,0,0,0,0,0,0,0,0
8.14606,0,0,0,-222.18744,0,0,0,0,-30.1796875,-3516.50876696833,-35790.5627444156,30.1796875,-90.35546875,-7502.29779411765,49986.8194754407,90.35546875,0,0,0,0,0,0,0,0,0,0,0,0
8.15048,0,0,0,-156.00642,0,0,0,0,-46.04296875,-3588.97765837104,-16395.6767879445,46.04296875,-122.2421875,-7214.18976244344,65182.8125959747,122.2421875,0,0,0,0,0,0,0,0,0,0,0,0
8.1549,0,0,0,-88.089561,0,0,0,0,-61.8515625,-3576.60492081448,2799.26189062463,61.8515625,-152.72265625,-6896.03365384615,71981.0200446347,152.72265625,0,0,0,0,0,0,0,0,0,0,0,0
8.15932,0,0,0,-19.192551,0,0,0,0,-77.19921875,-3472.32041855204,23593.7787924081,77.19921875,-181.1953125,-6441.7774321267,102772.900841506,181.1953125,0,0,0,0,0,0,0,0,0,0,0,0
8.16374,0,0,0,49.918011,0,0,0,0,-91.71875,-3284.96182126697,42388.8229151737,91.71875,-207.75,-6007.84785067873,98174.1134497655,207.75,0,0,0,0,0,0,0,0,0,0,0,0
8.16816,0,0,0,118.47314,0,0,0,0,-105.609375,-3142.67533936652,32191.5117421837,105.609375,-231.8828125,-5459.91233031674,123967.312299093,231.8828125,0,0,0,0,0,0,0,0,0,0,0,0
8.17258,0,0,0,185.71007,0,0,0,0,-117.8671875,-2773.26074660633,83577.9621629369,117.8671875,-253.4296875,-4874.85859728507,132365.097970967,253.4296875,0,0,0,0,0,0,0,0,0,0,0,0
8.177,0,0,0,250.88063,0,0,0,0,-128.0703125,-2308.39932126697,105172.268176327,128.0703125,-272.4921875,-4312.78280542986,127166.468745521,272.4921875,0,0,0,0,0,0,0,0,0,0,0,0
8.18142,0,0,0,313.2597,0,0,0,0,-136,-1794.04694570136,116369.315738826,136,-288.8671875,-3704.75113122172,137563.727196413,288.8671875,0,0,0,0,0,0,0,0,0,0,0,0
8.18584,0,0,0,372.15323,0,0,0,0,-141.203125,-1177.17760180995,139563.19997543,141.203125,-302.4140625,-3064.90384615385,144761.829200876,302.4140625,0,0,0,0,0,0,0,0,0,0,0,0
8.19026,0,0,0,426.90588,0,0,0,0,-143.53125,-526.725113122172,147161.196535697,143.53125,-313.16015625,-2431.24292986425,143362.198255564,313.16015625,0,0,0,0,0,0,0,0,0,0,0,0
8.19468,0,0,0,476.90848,0,0,0,0,-144,-106.052036199095,95174.9042812391,144,-321,-1773.72030542986,148760.774758912,321,0,0,0,0,0,0,0,0,0,0,0,0
8.1991,0,0,0,521.60461,0,0,0,0,-140.11328125,879.348133484163,222941.214860466,140.11328125,-325.57421875,-1034.8911199095,167155.924325874,325.57421875,0,0,0,0,0,0,0,0,0,0,0,0
8.20352,0,0,0,560.49701,0,0,0,0,-134.47265625,1276.15950226244,89776.3277778915,134.47265625,-327,-322.574943438914,161157.505988821,327,0,0,0,0,0,0,0,0,0,0,0,0
8.20794,0,0,0,593.15283,0,0,0,0,-126.72265625,1753.39366515837,107971.530066952,126.72265625,-327,0,72980.7564341434,327,0,0,0,0,0,0,0,0,0,0,0,0
8.21236,0,0,0,619.20886,0,0,0,0,-117.58203125,2068.01470588235,71181.2309330276,117.58203125,-321.171875,1318.58031674208,298321.33862943,321.171875,0,0,0,0,0,0,0,0,0,0,0,0
8.21678,0,0,0,638.37506,0,0,0,0,-107.03515625,2386.17081447964,71981.0200446347,107.03515625,-312.3515625,1995.54581447964,153159.61487275,312.3515625,0,0,0,0,0,0,0,0,0,0,0,0
8.2212,0,0,0,650.43829,0,0,0,0,-94.96875,2729.95616515837,77779.4911037857,94.96875,-300.40234375,2703.4431561086,160157.769599312,300.40234375,0,0,0,0,0,0,0,0,0,0,0,0
8.22562,0,0,0,655.26416,0,0,0,0,-81.59375,3026.01809954751,66982.3380970906,81.59375,-285.796875,3304.40469457014,135964.148973199,285.796875,0,0,0,0,0,0,0,0,0,0,0,0
8.23004,0,0,0,652.79913,0,0,0,0,-67.11328125,3276.12415158371,56585.0796461988,67.11328125,-268.44140625,3926.57664027149,140762.883642841,268.44140625,0,0,0,0,0,0,0,0,0,0,0,0
8.23446,0,0,0,643.07056,0,0,0,0,-51.69921875,3487.34445701357,47787.3994185213,51.69921875,-248.51953125,4507.21153846154,131365.361581458,248.51953125,0,0,0,0,0,0,0,0,0,0,0,0
8.23888,0,0,0,626.18671,0,0,0,0,-35.57421875,3648.19004524887,36390.4045781208,35.57421875,-225.72265625,5157.66402714932,147161.196535697,225.72265625,0,0,0,0,0,0,0,0,0,0,0,0
8.2433,0,0,0,602.33539,0,0,0,0,-19.07421875,3733.03167420814,19194.9386785692,19.07421875,-200.33984375,5742.717760181,132365.097970967,200.33984375,0,0,0,0,0,0,0,0,0,0,0,0
8.24772,0,0,0,571.7821,0,0,0,0,-2.39453125,3773.68495475113,9197.57478348111,2.39453125,-172.375,6326.88772624434,132165.150693065,172.375,0,0,0,0,0,0,0,0,0,0,0,0
8.25214,0,0,0,534.8667,0,0,0,0,14.328125,3783.40639140271,2199.42005691938,-14.328125,-142.26953125,6811.19202488688,109571.108290166,142.26953125,0,0,0,0,0,0,0,0,0,0,0,0
8.25656,0,0,0,491.99994,0,0,0,0,30.48828125,3656.1439479638,-28792.4080178539,-30.48828125,-110.13671875,7269.86708144796,103772.637231015,110.13671875,0,0,0,0,0,0,0,0,0,0,0,0
8.26098,0,0,0,443.65887,0,0,0,0,45.79296875,3462.59898190045,-43788.4538604861,-45.79296875,-76.234375,7670.21351809955,90576.1168894988,76.234375,0,0,0,0,0,0,0,0,0,0,0,0
8.2654,0,0,0,390.38129,0,0,0,0,60.21484375,3262.86764705882,-45188.0848057984,-60.21484375,-41.1875,7929.157239819,58584.5524252164,41.1875,0,0,0,0,0,0,0,0,0,0,0,0
8.26982,0,0,0,332.76004,0,0,0,0,73.08984375,2912.89592760181,-79179.1220490981,-73.08984375,-4.75390625,8242.89451357466,70981.2836551258,4.75390625,0,0,0,0,0,0,0,0,0,0,0,0
8.27424,0,0,0,271.43625,0,0,0,0,84.50390625,2582.36708144796,-74780.2819352593,-84.50390625,32.16015625,8351.59785067873,24593.5151819169,-32.16015625,0,0,0,0,0,0,0,0,0,0,0,0
8.27866,0,0,0,207.09227,0,0,0,0,94,2148.4375,-98174.1134497655,-94,69.2890625,8400.20503393665,10997.1002845969,-69.2890625,0,0,0,0,0,0,0,0,0,0,0,0
8.28308,0,0,0,140.44402,0,0,0,0,101.33203125,1658.83059954751,-110770.791957577,-101.33203125,106.18359375,8347.1790158371,-11996.8366741055,-106.18359375,0,0,0,0,0,0,0,0,0,0,0,0
8.2875,0,0,0,72.233078,0,0,0,0,106.5625,1183.36397058824,-107571.635511148,-106.5625,142.3046875,8172.1931561086,-39589.5610245492,-142.3046875,0,0,0,0,0,0,0,0,0,0,0,0
8.29192,0,0,0,3.2184191,0,0,0,0,109.32421875,624.823246606335,-126366.679633914,-109.32421875,177.3203125,7922.0871040724,-56585.0796461988,-177.3203125,0,0,0,0,0,0,0,0,0,0,0,0
8.29634,0,0,0,-65.832047,0,0,0,0,109.99609375,152.007918552036,-106971.793677443,-109.99609375,210.48046875,7502.29779411765,-94974.9570033373,-210.48046875,0,0,0,0,0,0,0,0,0,0,0,0
8.30076,0,0,0,-134.15002,0,0,0,0,109.99609375,0,-34390.9317991032,-109.99609375,241.35546875,6985.29411764706,-116969.157572531,-241.35546875,0,0,0,0,0,0,0,0,0,0,0,0
8.30518,0,0,0,-200.97534,0,0,0,0,108.5,-338.482748868778,-76579.8074363752,-108.5,269.4765625,6362.23840497738,-140962.830920743,-269.4765625,0,0,0,0,0,0,0,0,0,0,0,0
8.3096,0,0,0,-265.56445,0,0,0,0,105.56640625,-663.70899321267,-73580.5982678487,-105.56640625,294.24609375,5603.96634615385,-171554.764439713,-294.24609375,0,0,0,0,0,0,0,0,0,0,0,0
8.31402,0,0,0,-327.1987,0,0,0,0,102.14453125,-774.179864253394,-24993.4097377204,-102.14453125,315.44921875,4797.0871040724,-182551.864724309,-315.44921875,0,0,0,0,0,0,0,0,0,0,0,0
8.31844,0,0,0,-385.19229,0,0,0,0,98.5859375,-805.111708144796,-6998.15472656171,-98.5859375,332.51953125,3862.06165158371,-211544.220020065,-332.51953125,0,0,0,0,0,0,0,0,0,0,0,0
8.32286,0,0,0,-438.89993,0,0,0,0,95.0859375,-791.855203619909,2999.20916852646,-95.0859375,344.99609375,2822.75169683258,-235137.998812473,-344.99609375,0,0,0,0,0,0,0,0,0,0,0,0
8.32728,0,0,0,-487.72406,0,0,0,0,91.83203125,-736.177884615385,12596.6785078111,-91.83203125,352.98828125,1808.18721719457,-229539.475031224,-352.98828125,0,0,0,0,0,0,0,0,0,0,0,0
8.3317,0,0,0,-531.1214,0,0,0,0,89.18359375,-599.194004524887,30991.8280747732,-89.18359375,355.99609375,680.50056561086,-255132.726602649,-355.99609375,0,0,0,0,0,0,0,0,0,0,0,0
8.33612,0,0,0,-568.60907,0,0,0,0,87.078125,-476.350395927602,27792.671628345,-87.078125,356.99609375,226.244343891403,-102772.900841506,-356.99609375,0,0,0,0,0,0,0,0,0,0,0,0
8.34054,0,0,0,-599.76996,0,0,0,0,85.83203125,-281.921662895928,43988.4011383878,-85.83203125,350.109375,-1558.08116515837,-403693.554083659,-350.109375,0,0,0,0,0,0,0,0,0,0,0,0
8.34496,0,0,0,-624.25739,0,0,0,0,84.4296875,-317.272341628959,-7997.89111607051,-84.4296875,339.27734375,-2450.68580316742,-201946.75068078,-339.27734375,0,0,0,0,0,0,0,0,0,0,0,0
8.34938,0,0,0,-641.79883,0,0,0,0,82.64453125,-403.881504524887,-19594.8332343728,-82.64453125,324.5625,-3329.15016968326,-198747.594234352,-324.5625,0,0,0,0,0,0,0,0,0,0,0,0
8.3538,0,0,0,-652.19916,0,0,0,0,80.671875,-446.302319004525,-9597.46933928462,-80.671875,306.11328125,-4174.03139140271,-191149.597674085,-306.11328125,0,0,0,0,0,0,0,0,0,0,0,0
8.35822,0,0,0,-655.34265,0,0,0,0,78.2265625,-553.238122171946,-24193.6206261133,-78.2265625,284.28125,-4939.37358597285,-173154.342662927,-284.28125,0,0,0,0,0,0,0,0,0,0,0,0
8.36264,0,0,0,-651.19427,0,0,0,0,75,-729.991515837104,-39989.4555803526,-75,259.31640625,-5648.15469457014,-160357.716877214,-259.31640625,0,0,0,0,0,0,0,0,0,0,0,0
8.36706,0,0,0,-639.80023,0,0,0,0,71.1640625,-867.859162895928,-31191.775352675,-71.1640625,231.46875,-6300.37471719457,-147561.091091501,-231.46875,0,0,0,0,0,0,0,0,0,0,0,0
8.37148,0,0,0,-621.28729,0,0,0,0,66.21484375,-1119.73274886878,-56984.9742020024,-66.21484375,201.33984375,-6816.49462669683,-116769.210294629,-201.33984375,0,0,0,0,0,0,0,0,0,0,0,0
8.3759,0,0,0,-595.86145,0,0,0,0,60.41015625,-1313.27771493213,-43788.4538604861,-60.41015625,169.20703125,-7269.86708144796,-102572.953563604,-169.20703125,0,0,0,0,0,0,0,0,0,0,0,0
8.38032,0,0,0,-563.8056,0,0,0,0,52.98046875,-1680.92477375566,-83178.0676071333,-52.98046875,135.515625,-7622.49010180995,-79778.9638828035,-135.515625,0,0,0,0,0,0,0,0,0,0,0,0
8.38474,0,0,0,-525.47638,0,0,0,0,43.89453125,-2055.64196832579,-84777.6458303475,-43.89453125,100.8828125,-7835.47794117647,-48187.2939743248,-100.8828125,0,0,0,0,0,0,0,0,0,0,0,0
8.38916,0,0,0,-481.30038,0,0,0,0,33.42578125,-2368.49547511312,-70781.3363772241,-33.42578125,65.59375,-7983.9507918552,-33591.142687496,-65.59375,0,0,0,0,0,0,0,0,0,0,0,0
8.39358,0,0,0,-431.76904,0,0,0,0,21.41015625,-2718.46719457014,-79179.1220490981,-21.41015625,30.16796875,-8014.88263574661,-6998.15472656184,-30.16796875,0,0,0,0,0,0,0,0,0,0,0,0
8.398,0,0,0,-377.43353,0,0,0,0,7.8359375,-3071.09021493213,-79778.9638828033,-7.8359375,-5.16796875,-7994.55599547511,4598.78739174061,5.16796875,0,0,0,0,0,0,0,0,0,0,0,0
8.40242,0,0,0,-318.89841,0,0,0,0,-6.59765625,-3265.5189479638,-43988.4011383878,6.59765625,-40,-7880.55005656109,25793.1988493274,40,0,0,0,0,0,0,0,0,0,0,0,0
8.40684,0,0,0,-256.81497,0,0,0,0,-21.96484375,-3476.73925339367,-47787.3994185213,21.96484375,-73.49609375,-7578.30175339366,68381.9690424029,73.49609375,0,0,0,0,0,0,0,0,0,0,0,0
8.41126,0,0,0,-191.87402,0,0,0,0,-37.640625,-3546.5568438914,-15795.8349542392,37.640625,-105.97265625,-7347.63857466063,52186.2395323601,105.97265625,0,0,0,0,0,0,0,0,0,0,0,0
8.41568,0,0,0,-124.79814,0,0,0,0,-53.453125,-3577.48868778281,-6998.15472656174,53.453125,-137.0234375,-7025.06363122172,72980.7564341433,137.0234375,0,0,0,0,0,0,0,0,0,0,0,0
8.4201,0,0,0,-56.333664,0,0,0,0,-69,-3517.39253393665,13596.4148973199,69,-166.359375,-6637.0899321267,87776.854998874,166.359375,0,0,0,0,0,0,0,0,0,0,0,0
8.42452,0,0,0,12.757626,0,0,0,0,-83.7265625,-3331.80147058824,41988.9283593702,83.7265625,-193.60546875,-6164.2746040724,106971.793677443,193.60546875,0,0,0,0,0,0,0,0,0,0,0,0
8.42894,0,0,0,81.706963,0,0,0,0,-98.09765625,-3251.37867647059,18195.2022890605,98.09765625,-218.71875,-5681.73783936652,109171.213734362,218.71875,0,0,0,0,0,0,0,0,0,0,0,0
8.43336,0,0,0,149.74718,0,0,0,0,-111.2734375,-2980.9459841629,61183.8670379393,111.2734375,-241.64453125,-5186.82833710407,111970.475624987,241.64453125,0,0,0,0,0,0,0,0,0,0,0,0
8.43778,0,0,0,216.12117,0,0,0,0,-122.53125,-2547.01640271493,98174.1134497655,122.53125,-262.05078125,-4616.79864253394,128965.994246637,262.05078125,0,0,0,0,0,0,0,0,0,0,0,0
8.4422,0,0,0,280.09045,0,0,0,0,-131.69921875,-2074.20107466063,106971.793677443,131.69921875,-279.88671875,-4035.27997737557,131565.30885936,279.88671875,0,0,0,0,0,0,0,0,0,0,0,0
8.44662,0,0,0,340.94324,0,0,0,0,-138.453125,-1528.03308823529,123567.417743289,138.453125,-294.6796875,-3346.82550904977,155758.929485473,294.6796875,0,0,0,0,0,0,0,0,0,0,0,0
8.45104,0,0,0,398.00244,0,0,0,0,-142.28125,-866.091628959276,149760.51114842,142.28125,-306.6953125,-2718.46719457014,142162.514588153,306.6953125,0,0,0,0,0,0,0,0,0,0,0,0
8.45546,0,0,0,450.63315,0,0,0,0,-143,-162.613122171946,159158.033209803,143,-316.015625,-2108.66798642534,137963.621752216,316.015625,0,0,0,0,0,0,0,0,0,0,0,0
8.45988,0,0,0,498.24979,0,0,0,0,-143,0,36790.2991339244,143,-322.0546875,-1366.30373303167,167955.713437481,322.0546875,0,0,0,0,0,0,0,0,0,0,0,0
8.4643,0,0,0,540.32251,0,0,0,0,-137.46484375,1252.29779411765,283325.292786798,137.46484375,-325.0859375,-685.803167420814,153959.403984357,325.0859375,0,0,0,0,0,0,0,0,0,0,0,0
8.46872,0,0,0,576.38324,0,0,0,0,-130.640625,1543.94089366516,65982.6017075817,130.640625,-326,-206.801470588235,108371.424622755,326,0,0,0,0,0,0,0,0,0,0,0,0
8.47314,0,0,0,606.03064,0,0,0,0,-122.2734375,1893.02884615385,78979.1747711963,122.2734375,-322.859375,710.548642533937,207545.27446203,322.859375,0,0,0,0,0,0,0,0,0,0,0,0
8.47756,0,0,0,628.93494,0,0,0,0,-112.4375,2225.32522624434,75180.1764910629,112.4375,-315.71484375,1616.40978506787,204945.959849307,315.71484375,0,0,0,0,0,0,0,0,0,0,0,0
8.48198,0,0,0,644.84119,0,0,0,0,-100.84375,2623.02036199095,89976.2750557932,100.84375,-305.68359375,2269.51357466063,147761.038369403,305.68359375,0,0,0,0,0,0,0,0,0,0,0,0
8.4864,0,0,0,653.57251,0,0,0,0,-88.33984375,2828.93806561086,46587.7157511108,88.33984375,-292.4453125,2995.08625565611,164156.715157347,292.4453125,0,0,0,0,0,0,0,0,0,0,0,0
8.49082,0,0,0,655.03162,0,0,0,0,-74.35546875,3163.88574660633,75780.0183247681,74.35546875,-276.5625,3593.39649321267,135364.307139493,276.5625,0,0,0,0,0,0,0,0,0,0,0,0
8.49524,0,0,0,649.20239,0,0,0,0,-59.3125,3403.38659502262,54185.7123113777,59.3125,-258.0703125,4183.7528280543,133564.781638378,258.0703125,0,0,0,0,0,0,0,0,0,0,0,0
8.49966,0,0,0,636.14966,0,0,0,0,-43.47265625,3583.67505656109,40789.2446919596,43.47265625,-236.7421875,4825.36764705882,145161.72375668,236.7421875,0,0,0,0,0,0,0,0,0,0,0,0
8.50408,0,0,0,616.01868,0,0,0,0,-27.1171875,3700.33229638009,26393.0406830327,27.1171875,-212.84375,5406.88631221719,131565.30885936,212.84375,0,0,0,0,0,0,0,0,0,0,0,0
8.5085,0,0,0,589.03333,0,0,0,0,-10.48046875,3763.96351809955,14396.204008927,10.48046875,-186.4375,5974.26470588235,128366.152412932,186.4375,0,0,0,0,0,0,0,0,0,0,0,0
8.51292,0,0,0,555.49402,0,0,0,0,6.40625,3820.5246040724,12796.6257857128,-6.40625,-157.5546875,6534.5729638009,126766.574189718,157.5546875,0,0,0,0,0,0,0,0,0,0,0,0
8.51734,0,0,0,515.77386,0,0,0,0,22.890625,3729.49660633484,-20594.5696238815,-22.890625,-126.57421875,7009.15582579186,107371.688233247,126.57421875,0,0,0,0,0,0,0,0,0,0,0,0
8.52176,0,0,0,470.31479,0,0,0,0,38.7734375,3593.39649321267,-30791.8807968715,-38.7734375,-93.6875,7440.43410633484,97574.2716160602,93.6875,0,0,0,0,0,0,0,0,0,0,0,0
8.52618,0,0,0,419.62265,0,0,0,0,53.5625,3345.94174208145,-55985.2378124937,-53.5625,-59.046875,7837.24547511312,89776.3277778916,59.046875,0,0,0,0,0,0,0,0,0,0,0,0
8.5306,0,0,0,364.26147,0,0,0,0,67.53515625,3161.23444570136,-41788.9810814684,-67.53515625,-23.53515625,8034.32550904977,44588.2429720931,23.53515625,0,0,0,0,0,0,0,0,0,0,0,0
8.53502,0,0,0,304.84723,0,0,0,0,79.41015625,2686.65158371041,-107371.688233247,-79.41015625,12.99609375,8264.9886877828,52186.2395323601,-12.99609375,0,0,0,0,0,0,0,0,0,0,0,0
8.53944,0,0,0,242.04106,0,0,0,0,89.71875,2332.26102941176,-80178.8584386069,-89.71875,49.9140625,8352.48161764706,19794.7805122744,-49.9140625,0,0,0,0,0,0,0,0,0,0,0,0
8.54386,0,0,0,176.54175,0,0,0,0,98.078125,1891.26131221719,-99773.6916729796,-98.078125,86.8125,8348.06278280543,-999.736389508658,-86.8125,0,0,0,0,0,0,0,0,0,0,0,0
8.54828,0,0,0,109.0781,0,0,0,0,104.2109375,1387.51414027149,-113969.948404005,-104.2109375,123.4375,8286.19909502262,-13996.3094531233,-123.4375,0,0,0,0,0,0,0,0,0,0,0,0
8.5527,0,0,0,40.400772,0,0,0,0,107.99609375,856.370192307692,-120168.314018959,-107.99609375,158.9375,8031.6742081448,-57584.8160357079,-158.9375,0,0,0,0,0,0,0,0,0,0,0,0
8.55712,0,0,0,-28.726088,0,0,0,0,109.546875,350.855486425339,-114369.842959808,-109.546875,193.15234375,7740.91487556561,-65782.6544296799,-193.15234375,0,0,0,0,0,0,0,0,0,0,0,0
8.56154,0,0,0,-97.533325,0,0,0,0,109.99609375,101.633201357466,-56385.1323682971,-109.99609375,225.203125,7251.30797511312,-110770.791957577,-225.203125,0,0,0,0,0,0,0,0,0,0,0,0
8.56596,0,0,0,-165.25533,0,0,0,0,108.5,-338.482748868778,-99573.7443950779,-108.5,254.6953125,6672.44061085973,-130965.467025655,-254.6953125,0,0,0,0,0,0,0,0,0,0,0,0
8.57038,0,0,0,-231.13858,0,0,0,0,106.0625,-551.470588235294,-48187.2939743248,-106.0625,281.29296875,6017.56928733032,-148160.932925206,-281.29296875,0,0,0,0,0,0,0,0,0,0,0,0
8.5748,0,0,0,-294.45001,0,0,0,0,102.82421875,-732.642816742081,-40989.1919698614,-102.82421875,304.296875,5204.50367647059,-183951.495669622,-304.296875,0,0,0,0,0,0,0,0,0,0,0,0
8.57922,0,0,0,-354.48517,0,0,0,0,99.3359375,-789.203902714932,-12796.6257857128,-99.3359375,323.33984375,4308.36397058824,-202746.539792388,-323.33984375,0,0,0,0,0,0,0,0,0,0,0,0
8.58364,0,0,0,-410.57605,0,0,0,0,95.9140625,-774.179864253394,3399.10372432997,-95.9140625,338.07421875,3333.56900452489,-220541.847525644,-338.07421875,0,0,0,0,0,0,0,0,0,0,0,0
8.58806,0,0,0,-462.09857,0,0,0,0,92.80859375,-702.594739819005,16195.7295100428,-92.80859375,348.4609375,2349.93636877828,-222541.320304662,-348.4609375,0,0,0,0,0,0,0,0,0,0,0,0
8.59248,0,0,0,-508.4794,0,0,0,0,89.890625,-660.173925339367,9597.46933928462,-89.890625,353.99609375,1252.29779411765,-248334.519153989,-353.99609375,0,0,0,0,0,0,0,0,0,0,0,0
8.5969,0,0,0,-549.20251,0,0,0,0,87.66796875,-502.863404977376,35590.6154665138,-87.66796875,354.99609375,226.244343891403,-232138.789643947,-354.99609375,0,0,0,0,0,0,0,0,0,0,0,0
8.60132,0,0,0,-583.81482,0,0,0,0,86,-377.368495475113,28392.5134620503,-86,352.46875,-571.797228506787,-180552.391945292,-352.46875,0,0,0,0,0,0,0,0,0,0,0,0
8.60574,0,0,0,-611.93115,0,0,0,0,84.8671875,-256.29242081448,27392.7770725415,-84.8671875,343.96875,-1923.07692307692,-305719.387911795,-343.96875,0,0,0,0,0,0,0,0,0,0,0,0
8.61016,0,0,0,-633.23871,0,0,0,0,83.16015625,-386.206165158371,-29392.2498515591,-83.16015625,331.26953125,-2873.12641402715,-214943.323744395,-331.26953125,0,0,0,0,0,0,0,0,0,0,0,0
8.61458,0,0,0,-647.50031,0,0,0,0,81.58203125,-357.04185520362,6598.26017075817,-81.58203125,314.68359375,-3752.47454751131,-198947.541512254,-314.68359375,0,0,0,0,0,0,0,0,0,0,0,0
8.619,0,0,0,-654.55737,0,0,0,0,79.34765625,-505.514705882353,-33591.1426874962,-79.34765625,294.609375,-4541.67845022624,-178552.919166274,-294.609375,0,0,0,0,0,0,0,0,0,0,0,0
8.62342,0,0,0,-654.33136,0,0,0,0,76.6953125,-600.077771493213,-21394.3587354886,-76.6953125,271.1796875,-5300.8342760181,-171754.711717614,-271.1796875,0,0,0,0,0,0,0,0,0,0,0,0
8.62784,0,0,0,-646.82471,0,0,0,0,72.9375,-850.183823529412,-56585.0796461989,-72.9375,244.859375,-5954.82183257919,-147960.985647304,-244.859375,0,0,0,0,0,0,0,0,0,0,0,0
8.63226,0,0,0,-632.12103,0,0,0,0,68.70703125,-957.119626696832,-24193.6206261133,-68.70703125,215.84375,-6564.62104072398,-137963.621752216,-215.84375,0,0,0,0,0,0,0,0,0,0,0,0
8.63668,0,0,0,-610.38391,0,0,0,0,63.06640625,-1276.15950226244,-72180.9673225364,-63.06640625,184.70703125,-7044.50650452489,-108571.371900657,-184.70703125,0,0,0,0,0,0,0,0,0,0,0,0
8.6411,0,0,0,-581.85522,0,0,0,0,56.2578125,-1540.40582579186,-59784.2360926271,-56.2578125,151.92578125,-7416.57239819004,-84177.8039966421,-151.92578125,0,0,0,0,0,0,0,0,0,0,0,0
8.64552,0,0,0,-546.85229,0,0,0,0,48.0546875,-1855.91063348416,-71381.1782109294,-48.0546875,117.92578125,-7692.30769230769,-62383.55070535,-117.92578125,0,0,0,0,0,0,0,0,0,0,0,0
8.64994,0,0,0,-505.76474,0,0,0,0,38.23828125,-2220.90639140271,-82578.225773428,-38.23828125,82.92578125,-7918.55203619909,-51186.5031428514,-82.92578125,0,0,0,0,0,0,0,0,0,0,0,0
8.65436,0,0,0,-459.04965,0,0,0,0,26.8203125,-2583.25084841629,-81978.3839397228,-26.8203125,47.546875,-8004.2774321267,-19394.8859564709,-47.546875,0,0,0,0,0,0,0,0,0,0,0,0
8.65878,0,0,0,-407.22684,0,0,0,0,14,-2900.52319004525,-71781.0727667328,-14,12.22265625,-7991.90469457013,2799.26189062474,-12.22265625,0,0,0,0,0,0,0,0,0,0,0,0
8.6632,0,0,0,-350.87292,0,0,0,0,-0.08984375,-3187.74745475113,-64982.8653180729,0.08984375,-22.65234375,-7890.27149321267,22993.9369587026,22.65234375,0,0,0,0,0,0,0,0,0,0,0,0
8.66762,0,0,0,-290.61493,0,0,0,0,-15.12109375,-3400.73529411765,-48187.2939743248,15.12109375,-56.83203125,-7732.96097285068,35590.6154665137,56.83203125,0,0,0,0,0,0,0,0,0,0,0,0
8.67204,0,0,0,-227.12331,0,0,0,0,-30.58203125,-3497.94966063348,-21994.2005691939,30.58203125,-89.81640625,-7462.52828054299,61183.8670379394,89.81640625,0,0,0,0,0,0,0,0,0,0,0,0
8.67646,0,0,0,-161.10455,0,0,0,0,-46.46875,-3594.280260181,-21794.2532912922,46.46875,-121.546875,-7178.83908371041,64183.0762064658,121.546875,0,0,0,0,0,0,0,0,0,0,0,0
8.68088,0,0,0,-93.293243,0,0,0,0,-62.1875,-3556.27828054299,8597.73294977586,62.1875,-151.9375,-6875.70701357466,68581.9163203048,151.9375,0,0,0,0,0,0,0,0,0,0,0,0
8.6853,0,0,0,-24.443871,0,0,0,0,-77.56640625,-3479.39055429864,17395.4131774534,77.56640625,-180.12890625,-6378.14621040724,112570.317458692,180.12890625,0,0,0,0,0,0,0,0,0,0,0,0
8.68972,0,0,0,44.677479,0,0,0,0,-92.3046875,-3334.45277149321,32791.3535758891,92.3046875,-206.44921875,-5954.82183257919,95774.7461149445,206.44921875,0,0,0,0,0,0,0,0,0,0,0,0
8.69414,0,0,0,113.30171,0,0,0,0,-105.98046875,-3094.0681561086,54385.6595892795,105.98046875,-230.54296875,-5451.07466063348,113969.948404005,230.54296875,0,0,0,0,0,0,0,0,0,0,0,0
8.69856,0,0,0,180.66527,0,0,0,0,-118.1953125,-2763.53930995475,74780.2819352593,118.1953125,-252.26171875,-4913.7443438914,121567.944964272,252.26171875,0,0,0,0,0,0,0,0,0,0,0,0
8.70298,0,0,0,246.01862,0,0,0,0,-128.4765625,-2326.07466063348,98973.9025613726,128.4765625,-271.44140625,-4339.29581447964,129965.730636146,271.44140625,0,0,0,0,0,0,0,0,0,0,0,0
8.7074,0,0,0,308.63455,0,0,0,0,-136.38671875,-1789.62811085973,121367.99768637,136.38671875,-287.89453125,-3722.42647058824,139563.19997543,287.89453125,0,0,0,0,0,0,0,0,0,0,0,0
8.71182,0,0,0,367.81641,0,0,0,0,-141.56640625,-1171.875,139763.147253332,141.56640625,-301.33984375,-3041.92590497738,153959.403984357,301.33984375,0,0,0,0,0,0,0,0,0,0,0,0
8.71624,0,0,0,422.90567,0,0,0,0,-144,-550.586821266968,140562.936364939,144,-312.14453125,-2444.49943438914,135164.359861592,312.14453125,0,0,0,0,0,0,0,0,0,0,0,0
8.72066,0,0,0,473.28934,0,0,0,0,-144,0,124567.154132798,144,-320,-1777.25537330317,150960.194815831,320,0,0,0,0,0,0,0,0,0,0,0,0
8.72508,0,0,0,518.40686,0,0,0,0,-140.34765625,826.322115384615,186950.704838148,140.34765625,-324.58203125,-1036.65865384615,167555.818881677,324.58203125,0,0,0,0,0,0,0,0,0,0,0,0
8.7295,0,0,0,557.75616,0,0,0,0,-134.6796875,1282.34587104072,103172.79539731,134.6796875,-326,-320.807409502262,161957.295100428,326,0,0,0,0,0,0,0,0,0,0,0,0
8.73392,0,0,0,590.89948,0,0,0,0,-126.96484375,1745.43976244344,104772.373620524,126.96484375,-326,0,72580.8618783399,326,0,0,0,0,0,0,0,0,0,0,0,0
8.73834,0,0,0,617.46802,0,0,0,0,-117.875,2056.52573529412,70381.4418214205,117.875,-320.546875,1233.73868778281,279126.399950861,320.546875,0,0,0,0,0,0,0,0,0,0,0,0
8.74276,0,0,0,637.16614,0,0,0,0,-107.29296875,2394.12471719457,76379.8601584734,107.29296875,-311.75390625,1989.35944570136,170954.922606007,311.75390625,0,0,0,0,0,0,0,0,0,0,0,0
8.74718,0,0,0,649.77466,0,0,0,0,-95.13671875,2750.28280542986,80578.7529944103,95.13671875,-299.953125,2669.86001131222,153959.403984357,299.953125,0,0,0,0,0,0,0,0,0,0,0,0
8.7516,0,0,0,655.15326,0,0,0,0,-81.828125,3010.99406108597,58984.4469810201,81.828125,-285.46484375,3277.89168552036,137563.727196413,285.46484375,0,0,0,0,0,0,0,0,0,0,0,0
8.75602,0,0,0,653.24219,0,0,0,0,-67.30859375,3284.96182126697,61983.6561495465,67.30859375,-268.171875,3912.43636877828,143562.145533466,268.171875,0,0,0,0,0,0,0,0,0,0,0,0
8.76044,0,0,0,644.06262,0,0,0,0,-51.87109375,3492.64705882353,46987.6103069143,51.87109375,-248.3671875,4480.69852941176,128566.099690833,248.3671875,0,0,0,0,0,0,0,0,0,0,0,0
8.76486,0,0,0,627.71674,0,0,0,0,-35.73046875,3651.72511312217,35990.5100223172,35.73046875,-225.6953125,5129.3834841629,146761.301979894,225.6953125,0,0,0,0,0,0,0,0,0,0,0,0
8.76928,0,0,0,604.38641,0,0,0,0,-19.22265625,3734.7992081448,18795.0441227657,19.22265625,-200.4453125,5712.66968325792,131965.203415163,200.4453125,0,0,0,0,0,0,0,0,0,0,0,0
8.7737,0,0,0,574.33124,0,0,0,0,-2.51171875,3780.75509049774,10397.2584508917,2.51171875,-172.66796875,6284.46691176471,129365.888802441,172.66796875,0,0,0,0,0,0,0,0,0,0,0,0
8.77812,0,0,0,537.88562,0,0,0,0,14.24609375,3791.36029411765,2399.36733482113,-14.24609375,-142.69140625,6782.02771493213,112570.317458693,142.69140625,0,0,0,0,0,0,0,0,0,0,0,0
8.78254,0,0,0,495.45508,0,0,0,0,30.5,3677.35435520362,-25793.1988493275,-30.5,-110.6640625,7246.00537330317,104972.320898426,110.6640625,0,0,0,0,0,0,0,0,0,0,0,0
8.78696,0,0,0,447.51175,0,0,0,0,45.8671875,3476.73925339367,-45388.0320837001,-45.8671875,-76.84375,7651.65441176471,91775.8005569091,76.84375,0,0,0,0,0,0,0,0,0,0,0,0
8.79138,0,0,0,394.58905,0,0,0,0,60.3515625,3277.00791855204,-45188.0848057985,-60.3515625,-41.80078125,7928.27347285068,62583.4979832518,41.80078125,0,0,0,0,0,0,0,0,0,0,0,0
8.7958,0,0,0,337.27585,0,0,0,0,73.25390625,2919.08229638009,-80978.6475502139,-73.25390625,-5.515625,8209.31136877828,63583.2343727607,5.515625,0,0,0,0,0,0,0,0,0,0,0,0
8.80022,0,0,0,276.20987,0,0,0,0,84.6015625,2567.34304298643,-79579.0166049016,-84.6015625,31.234375,8314.47963800905,23793.7260703094,-31.234375,0,0,0,0,0,0,0,0,0,0,0,0
8.80464,0,0,0,212.07057,0,0,0,0,93.86328125,2095.41148190045,-106771.846399541,-93.86328125,68.53125,8438.20701357466,27992.6189062469,-68.53125,0,0,0,0,0,0,0,0,0,0,0,0
8.80906,0,0,0,145.57162,0,0,0,0,101.21484375,1663.24943438914,-97774.218893962,-101.21484375,105.23046875,8302.99066742081,-30591.9335189696,-105.23046875,0,0,0,0,0,0,0,0,0,0,0,0
8.81348,0,0,0,77.452934,0,0,0,0,106.2578125,1140.9431561086,-118168.841239942,-106.2578125,141.3984375,8182.79835972851,-27192.8297946397,-141.3984375,0,0,0,0,0,0,0,0,0,0,0,0
8.8179,0,0,0,8.4724426,0,0,0,0,108.99609375,619.52064479638,-117968.89396204,-108.99609375,176.38671875,7915.90073529412,-60384.0779263324,-176.38671875,0,0,0,0,0,0,0,0,0,0,0,0
8.82232,0,0,0,-60.602318,0,0,0,0,109.99609375,226.244343891403,-88976.5386662845,-109.99609375,209.5,7491.69259049774,-95974.6933928462,-209.5,0,0,0,0,0,0,0,0,0,0,0,0
8.82674,0,0,0,-129.00278,0,0,0,0,109.99609375,0,-51186.5031428513,-109.99609375,240.484375,7010.03959276018,-108971.266456461,-240.484375,0,0,0,0,0,0,0,0,0,0,0,0
8.83116,0,0,0,-195.96785,0,0,0,0,107.65234375,-530.260180995475,-119968.366741058,-107.65234375,268.73046875,6390.5189479638,-140163.041809136,-268.73046875,0,0,0,0,0,0,0,0,0,0,0,0
8.83558,0,0,0,-260.75244,0,0,0,0,104.73828125,-659.290158371041,-29192.3025736574,-104.73828125,293.4375,5589.82607466063,-181152.233778997,-293.4375,0,0,0,0,0,0,0,0,0,0,0,0
8.84,0,0,0,-322.63568,0,0,0,0,101.6171875,-706.129807692308,-10597.2057287934,-101.6171875,314.5546875,4777.64423076923,-183751.54839172,-314.5546875,0,0,0,0,0,0,0,0,0,0,0,0
8.84442,0,0,0,-380.92908,0,0,0,0,98,-818.368212669683,-25393.3042935239,-98,331.58203125,3852.34021493213,-209344.799963146,-331.58203125,0,0,0,0,0,0,0,0,0,0,0,0
8.84884,0,0,0,-434.98395,0,0,0,0,94.59375,-770.644796380091,10797.1530066952,-94.59375,344.1484375,2843.07833710407,-228339.791363813,-344.1484375,0,0,0,0,0,0,0,0,0,0,0,0
8.85326,0,0,0,-484.19885,0,0,0,0,91.53125,-692.873303167421,17595.3604553551,-91.53125,352.06640625,1791.39564479638,-237937.260703098,-352.06640625,0,0,0,0,0,0,0,0,0,0,0,0
8.85768,0,0,0,-528.02618,0,0,0,0,89.078125,-555.005656108597,31191.775352675,-89.078125,355.46484375,768.877262443439,-231339.00053234,-355.46484375,0,0,0,0,0,0,0,0,0,0,0,0
8.8621,0,0,0,-565.97833,0,0,0,0,87.0859375,-450.721153846154,23593.778792408,-87.0859375,355.99609375,120.192307692308,-146761.301979894,-355.99609375,0,0,0,0,0,0,0,0,0,0,0,0
8.86652,0,0,0,-597.633,0,0,0,0,85.8671875,-275.735294117647,39589.561024549,-85.8671875,349.46875,-1476.7746040724,-361304.731168485,-349.46875,0,0,0,0,0,0,0,0,0,0,0,0
8.87094,0,0,0,-622.63788,0,0,0,0,84.52734375,-303.132070135747,-6198.36561495465,-84.52734375,338.6484375,-2448.03450226244,-219742.058414037,-338.6484375,0,0,0,0,0,0,0,0,0,0,0,0
8.87536,0,0,0,-640.7149,0,0,0,0,82.75,-402.113970588235,-22394.0951249974,-82.75,323.96875,-3321.19626696833,-197547.910566942,-323.96875,0,0,0,0,0,0,0,0,0,0,0,0
8.87978,0,0,0,-651.66278,0,0,0,0,80.7734375,-447.186085972851,-10197.3111729899,-80.7734375,305.5859375,-4159.00735294118,-189550.019450871,-305.5859375,0,0,0,0,0,0,0,0,0,0,0,0
8.8842,0,0,0,-655.3598,0,0,0,0,78.3125,-556.773190045249,-24793.4624598186,-78.3125,283.80078125,-4928.76838235294,-174154.079052435,-283.80078125,0,0,0,0,0,0,0,0,0,0,0,0
8.88862,0,0,0,-651.76483,0,0,0,0,75.05859375,-736.177884615385,-40589.2974140578,-75.05859375,258.90234375,-5633.1306561086,-159357.980487705,-258.90234375,0,0,0,0,0,0,0,0,0,0,0,0
8.89304,0,0,0,-640.91779,0,0,0,0,71.23828125,-864.324095022624,-28992.3552957556,-71.23828125,231.17578125,-6272.97794117647,-144761.829200876,-231.17578125,0,0,0,0,0,0,0,0,0,0,0,0
8.89746,0,0,0,-622.93945,0,0,0,0,66.26171875,-1125.91911764706,-59184.3942589218,-66.26171875,201.171875,-6788.21408371041,-116569.263016728,-201.171875,0,0,0,0,0,0,0,0,0,0,0,0
8.90188,0,0,0,-598.02979,0,0,0,0,60.3828125,-1330.06928733032,-46187.8211953072,-60.3828125,169.1328125,-7248.65667420814,-104172.531786818,-169.1328125,0,0,0,0,0,0,0,0,0,0,0,0
8.9063,0,0,0,-566.466,0,0,0,0,52.8515625,-1703.90271493213,-84577.6985524457,-52.8515625,135.52734375,-7603.04722850679,-80178.858438607,-135.52734375,0,0,0,0,0,0,0,0,0,0,0,0
8.91072,0,0,0,-528.5993,0,0,0,0,43.58984375,-2095.41148190045,-88576.6441104809,-43.58984375,100.9609375,-7820.45390271493,-49187.0303638335,-100.9609375,0,0,0,0,0,0,0,0,0,0,0,0
8.91514,0,0,0,-484.85098,0,0,0,0,32.91015625,-2416.21889140271,-72580.8618783399,-32.91015625,65.75,-7966.27545248869,-32991.3008537909,-65.75,0,0,0,0,0,0,0,0,0,0,0,0
8.91956,0,0,0,-435.70786,0,0,0,0,20.85546875,-2727.30486425339,-70381.4418214206,-20.85546875,30.3671875,-8005.16119909502,-8797.68022767771,-30.3671875,0,0,0,0,0,0,0,0,0,0,0,0
8.92398,0,0,0,-381.71674,0,0,0,0,7.140625,-3102.90582579186,-84977.5931082492,-7.140625,-4.84765625,-7967.15921945701,8597.73294977586,4.84765625,0,0,0,0,0,0,0,0,0,0,0,0
8.9284,0,0,0,-323.47833,0,0,0,0,-7.53125,-3319.42873303167,-48987.0830859318,7.53125,-39.56640625,-7854.92081447964,25393.3042935239,39.56640625,0,0,0,0,0,0,0,0,0,0,0,0
8.93282,0,0,0,-261.64069,0,0,0,0,-22.828125,-3460.8314479638,-31991.5644642821,22.828125,-73.0234375,-7569.46408371041,64582.9707622693,73.0234375,0,0,0,0,0,0,0,0,0,0,0,0
8.93724,0,0,0,-196.89182,0,0,0,0,-38.70703125,-3592.51272624434,-29792.1444073626,38.70703125,-105.46875,-7340.56843891403,51786.3449765566,105.46875,0,0,0,0,0,0,0,0,0,0,0,0
8.94166,0,0,0,-129.95218,0,0,0,0,-54.70703125,-3619.90950226244,-6198.36561495473,54.70703125,-136.57421875,-7037.43636877828,68581.9163203048,136.57421875,0,0,0,0,0,0,0,0,0,0,0,0
8.94608,0,0,0,-61.566597,0,0,0,0,-70.37890625,-3545.67307692308,16795.5713437481,70.37890625,-165.95703125,-6647.69513574661,88176.7495546773,165.95703125,0,0,0,0,0,0,0,0,0,0,0,0
8.9505,0,0,0,7.5040207,0,0,0,0,-85.66796875,-3459.06391402715,19594.8332343727,85.66796875,-193.32421875,-6191.6713800905,103172.79539731,193.32421875,0,0,0,0,0,0,0,0,0,0,0,0
8.95492,0,0,0,76.491142,0,0,0,0,-99.71875,-3178.90978506787,63383.2870948588,99.71875,-218.546875,-5706.48331447964,109771.055568068,218.546875,0,0,0,0,0,0,0,0,0,0,0,0
8.95934,0,0,0,144.62717,0,0,0,0,-113.0546875,-3017.18042986425,36590.3518560226,113.0546875,-241.5625,-5207.15497737557,112970.212014496,241.5625,0,0,0,0,0,0,0,0,0,0,0,0
8.96376,0,0,0,211.15396,0,0,0,0,-124.46875,-2582.36708144796,98374.0607276673,124.46875,-262.05859375,-4637.12528280543,128965.994246637,262.05859375,0,0,0,0,0,0,0,0,0,0,0,0
8.96818,0,0,0,275.3313,0,0,0,0,-133.66015625,-2079.50367647059,113770.001126103,133.66015625,-280,-4059.14168552036,130765.519747753,280,0,0,0,0,0,0,0,0,0,0,0,0
8.9726,0,0,0,336.4451,0,0,0,0,-140.328125,-1508.59021493213,129165.941524539,140.328125,-295.08984375,-3413.99179864253,145961.512868287,295.08984375,0,0,0,0,0,0,0,0,0,0,0,0
8.97702,0,0,0,393.81534,0,0,0,0,-144,-830.740950226244,153359.562150652,144,-307.36328125,-2776.79581447964,144161.987367171,307.36328125,0,0,0,0,0,0,0,0,0,0,0,0
8.98144,0,0,0,446.80371,0,0,0,0,-145,-226.244343891403,136763.938084806,145,-316.83203125,-2142.25113122172,143562.145533466,316.83203125,0,0,0,0,0,0,0,0,0,0,0,0
8.98586,0,0,0,494.82062,0,0,0,0,-143.5,339.366515837104,127966.257857128,143.5,-323.18359375,-1437.00509049774,159557.927765607,323.18359375,0,0,0,0,0,0,0,0,0,0,0,0
8.99028,0,0,0,537.33173,0,0,0,0,-138.9765625,1023.40214932127,154759.193095964,138.9765625,-326.44140625,-737.06165158371,158358.244098196,326.44140625,0,0,0,0,0,0,0,0,0,0,0,0
8.9947,0,0,0,573.86414,0,0,0,0,-131.9140625,1597.85067873303,129965.730636146,131.9140625,-327,-126.378676470588,138163.569030118,327,0,0,0,0,0,0,0,0,0,0,0,0
8.99912,0,0,0,604.01129,0,0,0,0,-123.453125,1914.23925339366,71581.1254888311,123.453125,-324.42578125,582.402432126697,160357.716877214,324.42578125,0,0,0,0,0,0,0,0,0,0,0,0
9.00354,0,0,0,627.43774,0,0,0,0,-113.58203125,2233.27912895928,72180.9673225364,113.58203125,-317.45703125,1576.64027149321,224940.687639483,317.45703125,0,0,0,0,0,0,0,0,0,0,0,0
9.00796,0,0,0,643.88287,0,0,0,0,-102.1640625,2583.25084841629,79179.1220490981,102.1640625,-307.17578125,2326.07466063348,169555.291660695,307.17578125,0,0,0,0,0,0,0,0,0,0,0,0
9.01238,0,0,0,653.1637,0,0,0,0,-89.296875,2911.12839366516,74180.4401015539,89.296875,-294.21484375,2932.33880090498,137163.832640609,294.21484375,0,0,0,0,0,0,0,0,0,0,0,0
9.0168,0,0,0,655.17688,0,0,0,0,-75.22265625,3184.21238687783,61783.7088716447,75.22265625,-278.36328125,3586.32635746606,147960.985647305,278.36328125,0,0,0,0,0,0,0,0,0,0,0,0
9.02122,0,0,0,649.90009,0,0,0,0,-60.00390625,3443.15610859728,58584.5524252166,60.00390625,-259.72265625,4217.33597285068,142762.356421859,259.72265625,0,0,0,0,0,0,0,0,0,0,0,0
9.02564,0,0,0,637.39203,0,0,0,0,-44.02734375,3614.60690045249,38789.771912942,44.02734375,-238.61328125,4775.87669683258,126366.679633914,238.61328125,0,0,0,0,0,0,0,0,0,0,0,0
9.03006,0,0,0,617.79187,0,0,0,0,-27.7734375,3677.35435520362,14196.2567310251,27.7734375,-214.70703125,5408.65384615385,143162.250977662,214.70703125,0,0,0,0,0,0,0,0,0,0,0,0
9.03448,0,0,0,591.31769,0,0,0,0,-11.03515625,3786.94145927602,24793.4624598186,11.03515625,-188.1875,5999.8939479638,133764.728916279,188.1875,0,0,0,0,0,0,0,0,0,0,0,0
9.0389,0,0,0,558.2641,0,0,0,0,5.7421875,3795.77912895928,1999.47277901762,-5.7421875,-159.25,6546.94570135747,123767.365021191,159.25,0,0,0,0,0,0,0,0,0,0,0,0
9.04332,0,0,0,518.99878,0,0,0,0,22.421875,3773.68495475113,-4998.68194754401,-22.421875,-128.36328125,6987.94541855204,99773.6916729796,128.36328125,0,0,0,0,0,0,0,0,0,0,0,0
9.04774,0,0,0,473.95874,0,0,0,0,38.39453125,3613.72313348416,-36190.4573002191,-38.39453125,-95.23828125,7494.34389140271,114569.79023771,95.23828125,0,0,0,0,0,0,0,0,0,0,0,0
9.05216,0,0,0,423.64505,0,0,0,0,53.3359375,3380.40865384615,-52786.0813660653,-53.3359375,-60.69921875,7814.26753393665,72380.914600438,60.69921875,0,0,0,0,0,0,0,0,0,0,0,0
9.05658,0,0,0,368.61758,0,0,0,0,67.375,3176.2584841629,-46187.8211953072,-67.375,-25.09765625,8054.65214932127,54385.6595892797,25.09765625,0,0,0,0,0,0,0,0,0,0,0,0
9.061,0,0,0,309.48859,0,0,0,0,79.4140625,2723.76979638009,-102373.006285703,-79.4140625,11.7421875,8334.80627828054,63383.2870948588,-11.7421875,0,0,0,0,0,0,0,0,0,0,0,0
9.06542,0,0,0,246.916,0,0,0,0,89.90234375,2372.91430995475,-79379.0693269998,-89.90234375,48.9609375,8420.53167420815,19394.8859564711,-48.9609375,0,0,0,0,0,0,0,0,0,0,0,0
9.06984,0,0,0,181.59604,0,0,0,0,98.47265625,1938.98472850679,-98174.1134497655,-98.47265625,85.99609375,8378.99462669683,-9397.52206138286,-85.99609375,0,0,0,0,0,0,0,0,0,0,0,0
9.07426,0,0,0,114.2555,0,0,0,0,104.890625,1452.02912895928,-110170.950123871,-104.890625,122.72265625,8309.17703619909,-15795.8349542393,-122.72265625,0,0,0,0,0,0,0,0,0,0,0,0
9.07868,0,0,0,45.643673,0,0,0,0,108.9453125,917.350113122172,-120968.103130567,-108.9453125,158.48828125,8091.77036199095,-49187.0303638337,-158.48828125,0,0,0,0,0,0,0,0,0,0,0,0
9.0831,0,0,0,-23.476025,0,0,0,0,110.8203125,424.20814479638,-111570.581069184,-110.8203125,192.98828125,7805.42986425339,-64782.9180401712,-192.98828125,0,0,0,0,0,0,0,0,0,0,0,0
9.08752,0,0,0,-92.334511,0,0,0,0,110.99609375,39.7695135746606,-86977.0658872668,-110.99609375,225.171875,7281.3560520362,-118568.735795745,-225.171875,0,0,0,0,0,0,0,0,0,0,0,0
9.09194,0,0,0,-160.1656,0,0,0,0,110.99609375,0,-8997.62750557933,-110.99609375,254.9140625,6729.00169683258,-124967.048688602,-254.9140625,0,0,0,0,0,0,0,0,0,0,0,0
9.09636,0,0,0,-226.21458,0,0,0,0,107.4921875,-792.738970588235,-179352.708277881,-107.4921875,281.8125,6085.6193438914,-145561.618312483,-281.8125,0,0,0,0,0,0,0,0,0,0,0,0
9.10078,0,0,0,-289.74652,0,0,0,0,104.41015625,-697.29213800905,21594.3060133904,-104.41015625,305.12890625,5275.20503393665,-183351.653835916,-305.12890625,0,0,0,0,0,0,0,0,0,0,0,0
9.1052,0,0,0,-350.05453,0,0,0,0,101.1953125,-727.340214932127,-6798.20744865993,-101.1953125,324.68359375,4424.13744343891,-192549.228619398,-324.68359375,0,0,0,0,0,0,0,0,0,0,0,0
9.10962,0,0,0,-406.46759,0,0,0,0,97.58984375,-815.716911764706,-19994.7277901763,-97.58984375,339.72265625,3402.5028280543,-231139.053254438,-339.72265625,0,0,0,0,0,0,0,0,0,0,0,0
9.11404,0,0,0,-458.35794,0,0,0,0,94.1171875,-785.668834841629,6798.20744865993,-94.1171875,350.19140625,2368.49547511312,-233938.315145062,-350.19140625,0,0,0,0,0,0,0,0,0,0,0,0
9.11846,0,0,0,-505.14828,0,0,0,0,91.109375,-680.50056561086,23793.7260703098,-91.109375,356.1796875,1354.81476244344,-229339.527753322,-356.1796875,0,0,0,0,0,0,0,0,0,0,0,0
9.12288,0,0,0,-546.31799,0,0,0,0,88.96875,-484.304298642534,44388.2956941913,-88.96875,357.99609375,410.951640271493,-213543.692799083,-357.99609375,0,0,0,0,0,0,0,0,0,0,0,0
9.1273,0,0,0,-581.40894,0,0,0,0,87.21484375,-396.811368778281,19794.7805122745,-87.21484375,355.38671875,-590.356334841629,-226540.265862697,-355.38671875,0,0,0,0,0,0,0,0,0,0,0,0
9.13172,0,0,0,-610.03064,0,0,0,0,85.9453125,-287.224264705882,24793.4624598186,-85.9453125,346.99609375,-1898.3314479638,-295921.971294609,-346.99609375,0,0,0,0,0,0,0,0,0,0,0,0
9.13614,0,0,0,-631.86475,0,0,0,0,84.59765625,-304.899604072398,-3998.94555803526,-84.59765625,334.4921875,-2828.93806561086,-210544.483630556,-334.4921875,0,0,0,0,0,0,0,0,0,0,0,0
9.14056,0,0,0,-646.66821,0,0,0,0,82.640625,-442.767251131222,-31191.775352675,-82.640625,318.11328125,-3705.63489819005,-198347.699678549,-318.11328125,0,0,0,0,0,0,0,0,0,0,0,0
9.14498,0,0,0,-654.27637,0,0,0,0,80.48828125,-486.955599547511,-9997.36389508813,-80.48828125,298,-4550.5161199095,-191149.597674085,-298,0,0,0,0,0,0,0,0,0,0,0,0
9.1494,0,0,0,-654.60461,0,0,0,0,77.84375,-598.310237556561,-25193.3570156221,-77.84375,274.734375,-5263.71606334842,-161357.453266723,-274.734375,0,0,0,0,0,0,0,0,0,0,0,0
9.15382,0,0,0,-647.64917,0,0,0,0,74.265625,-809.530542986425,-47787.3994185213,-74.265625,248.3046875,-5979.56730769231,-161957.295100428,-248.3046875,0,0,0,0,0,0,0,0,0,0,0,0
9.15824,0,0,0,-633.48749,0,0,0,0,69.96875,-972.143665158371,-36790.2991339243,-69.96875,219.48828125,-6519.54892533937,-122167.786797977,-219.48828125,0,0,0,0,0,0,0,0,0,0,0,0
9.16266,0,0,0,-612.27716,0,0,0,0,64.4453125,-1249.64649321267,-62783.4452611535,-64.4453125,188.3359375,-7048.04157239819,-119568.472185254,-188.3359375,0,0,0,0,0,0,0,0,0,0,0,0
9.16708,0,0,0,-584.25421,0,0,0,0,57.875,-1486.49604072398,-53585.8704776725,-57.875,155.4609375,-7437.78280542986,-88176.7495546773,-155.4609375,0,0,0,0,0,0,0,0,0,0,0,0
9.1715,0,0,0,-549.73041,0,0,0,0,49.796875,-1827.63009049774,-77179.6492700804,-49.796875,121.234375,-7743.56617647059,-69181.7581540099,-121.234375,0,0,0,0,0,0,0,0,0,0,0,0
9.17592,0,0,0,-509.08987,0,0,0,0,40,-2216.48755656109,-87976.8022767757,-40,86.2421875,-7916.78450226244,-39189.6664687457,-86.2421875,0,0,0,0,0,0,0,0,0,0,0,0
9.18034,0,0,0,-462.78482,0,0,0,0,28.87890625,-2516.08455882353,-67782.1272086976,-28.87890625,50.70703125,-8039.62811085973,-27792.6716283449,-50.70703125,0,0,0,0,0,0,0,0,0,0,0,0
9.18476,0,0,0,-411.33047,0,0,0,0,15.92578125,-2930.57126696833,-93775.2733359268,-15.92578125,15.19921875,-8033.44174208145,1399.63094531237,-15.19921875,0,0,0,0,0,0,0,0,0,0,0,0
9.18918,0,0,0,-355.29935,0,0,0,0,1.93359375,-3165.65328054299,-53185.9759218688,-1.93359375,-19.859375,-7931.80854072398,22993.9369587026,19.859375,0,0,0,0,0,0,0,0,0,0,0,0
9.1936,0,0,0,-295.31491,0,0,0,0,-13.12890625,-3407.80542986425,-54785.5541450831,13.12890625,-54.09765625,-7746.21747737557,41988.9283593702,54.09765625,0,0,0,0,0,0,0,0,0,0,0,0
9.19802,0,0,0,-232.04459,0,0,0,0,-28.86328125,-3559.81334841629,-34390.9317991032,28.86328125,-87.52734375,-7563.27771493213,41389.0865256649,87.52734375,0,0,0,0,0,0,0,0,0,0,0,0
9.20244,0,0,0,-166.19234,0,0,0,0,-44.875,-3622.56080316742,-14196.2567310251,44.875,-119.453125,-7223.0274321267,76979.7019921788,119.453125,0,0,0,0,0,0,0,0,0,0,0,0
9.20686,0,0,0,-98.490921,0,0,0,0,-60.74609375,-3590.74519230769,7198.10200446349,60.74609375,-149.734375,-6850.96153846154,84177.8039966421,149.734375,0,0,0,0,0,0,0,0,0,0,0,0
9.21128,0,0,0,-29.693621,0,0,0,0,-76.1015625,-3474.08795248869,26393.0406830326,76.1015625,-178.19921875,-6440.00989819004,92975.4842243198,178.19921875,0,0,0,0,0,0,0,0,0,0,0,0
9.2157,0,0,0,39.434078,0,0,0,0,-90.8203125,-3330.03393665158,32591.4062979873,90.8203125,-204.83984375,-6027.2907239819,93375.3787801233,204.83984375,0,0,0,0,0,0,0,0,0,0,0,0
9.22012,0,0,0,108.123,0,0,0,0,-104.80859375,-3164.76951357466,37390.1409676297,104.80859375,-229.125,-5494.37924208145,120568.208574763,229.125,0,0,0,0,0,0,0,0,0,0,0,0
9.22454,0,0,0,175.60887,0,0,0,0,-117.36328125,-2840.42703619909,73380.6509899469,117.36328125,-250.8671875,-4919.04694570136,130165.677914048,250.8671875,0,0,0,0,0,0,0,0,0,0,0,0
9.22896,0,0,0,241.14078,0,0,0,0,-127.859375,-2374.6818438914,105372.215454229,127.859375,-270.25,-4385.25169683258,120768.155852665,270.25,0,0,0,0,0,0,0,0,0,0,0,0
9.23338,0,0,0,303.98956,0,0,0,0,-136.01171875,-1844.42166289593,119968.366741058,136.01171875,-286.87890625,-3762.1959841629,140962.830920743,286.87890625,0,0,0,0,0,0,0,0,0,0,0,0
9.2378,0,0,0,363.45596,0,0,0,0,-141.48828125,-1239.04128959276,136963.885362708,141.48828125,-300.7265625,-3132.95390271493,142362.461866055,300.7265625,0,0,0,0,0,0,0,0,0,0,0,0
9.24222,0,0,0,418.87823,0,0,0,0,-144,-568.262160633484,151759.983927438,144,-311.90234375,-2528.45729638009,136763.938084806,311.90234375,0,0,0,0,0,0,0,0,0,0,0,0
9.24664,0,0,0,469.6398,0,0,0,0,-144,0,128566.099690833,144,-319.93359375,-1817.02488687783,160957.558710919,319.93359375,0,0,0,0,0,0,0,0,0,0,0,0
9.25106,0,0,0,515.17578,0,0,0,0,-141.3046875,609.799208144796,137963.621752216,141.3046875,-324.72265625,-1083.49830316742,165956.240658463,324.72265625,0,0,0,0,0,0,0,0,0,0,0,0
9.25548,0,0,0,554.97949,0,0,0,0,-135.4296875,1329.18552036199,162757.084212035,135.4296875,-326.6953125,-446.302319004525,144161.987367171,326.6953125,0,0,0,0,0,0,0,0,0,0,0,0
9.2599,0,0,0,588.60815,0,0,0,0,-127.8125,1723.34558823529,89176.4859441862,127.8125,-327,-68.9338235294118,85377.4876640527,327,0,0,0,0,0,0,0,0,0,0,0,0
9.26432,0,0,0,615.6875,0,0,0,0,-118.86328125,2024.71012443439,68182.0217645011,118.86328125,-321.390625,1269.08936651584,302720.178743269,321.390625,0,0,0,0,0,0,0,0,0,0,0,0
9.26874,0,0,0,635.9162,0,0,0,0,-108.0390625,2448.91826923077,95974.6933928462,108.0390625,-312.91796875,1916.89055429864,146561.354701992,312.91796875,0,0,0,0,0,0,0,0,0,0,0,0
9.27316,0,0,0,649.06927,0,0,0,0,-96.265625,2663.67364253394,48587.1885301283,96.265625,-301.3046875,2627.43919683258,160757.611433017,301.3046875,0,0,0,0,0,0,0,0,0,0,0,0
9.27758,0,0,0,655.00024,0,0,0,0,-82.94921875,3012.76159502262,78979.1747711963,82.94921875,-286.9375,3250.49490950226,140962.830920743,286.9375,0,0,0,0,0,0,0,0,0,0,0,0
9.282,0,0,0,653.64325,0,0,0,0,-68.1796875,3341.52290723982,74380.3873794558,68.1796875,-269.859375,3863.82918552036,138763.410863823,269.859375,0,0,0,0,0,0,0,0,0,0,0,0
9.28642,0,0,0,645.01331,0,0,0,0,-52.95703125,3444.03987556561,23193.8842366045,52.95703125,-250.1640625,4455.95305429864,133964.676194181,250.1640625,0,0,0,0,0,0,0,0,0,0,0,0
9.29084,0,0,0,629.20648,0,0,0,0,-36.8046875,3654.37641402715,47587.4521406196,36.8046875,-227.55859375,5114.35944570136,148960.722036813,227.55859375,0,0,0,0,0,0,0,0,0,0,0,0
9.29526,0,0,0,606.39862,0,0,0,0,-20.16015625,3765.7310520362,25193.3570156221,20.16015625,-202.59765625,5647.27092760181,120568.208574763,202.59765625,0,0,0,0,0,0,0,0,0,0,0,0
9.29968,0,0,0,576.84351,0,0,0,0,-3.61328125,3743.63687782805,-4998.68194754411,3.61328125,-175.00390625,6242.92986425339,134764.465305788,175.00390625,0,0,0,0,0,0,0,0,0,0,0,0
9.3041,0,0,0,540.87,0,0,0,0,12.99609375,3757.77714932127,3199.15644642824,-12.99609375,-145.32421875,6714.86142533937,106771.846399541,145.32421875,0,0,0,0,0,0,0,0,0,0,0,0
9.30852,0,0,0,498.87839,0,0,0,0,29.203125,3666.74915158371,-20594.5696238816,-29.203125,-113.40625,7221.25989819004,114569.79023771,113.40625,0,0,0,0,0,0,0,0,0,0,0,0
9.31294,0,0,0,451.33588,0,0,0,0,44.7734375,3522.69513574661,-32591.4062979873,-44.7734375,-79.56640625,7656.07324660633,98374.0607276674,79.56640625,0,0,0,0,0,0,0,0,0,0,0,0
9.31736,0,0,0,398.77142,0,0,0,0,59.32421875,3292.03195701357,-52186.2395323601,-59.32421875,-44.52734375,7927.38970588235,61383.8143158411,44.52734375,0,0,0,0,0,0,0,0,0,0,0,0
9.32178,0,0,0,341.76999,0,0,0,0,72.2890625,2933.2225678733,-81178.5948281157,-72.2890625,-8.4609375,8159.82041855204,52586.1340881636,8.4609375,0,0,0,0,0,0,0,0,0,0,0,0
9.3262,0,0,0,280.96573,0,0,0,0,83.99609375,2648.6496040724,-64383.0234843677,-83.99609375,28.640625,8394.01866515837,52986.0286439671,-28.640625,0,0,0,0,0,0,0,0,0,0,0,0
9.33062,0,0,0,217.03526,0,0,0,0,93.3203125,2109.55175339367,-121967.839520075,-93.3203125,65.609375,8363.97058823529,-6798.20744865978,-65.609375,0,0,0,0,0,0,0,0,0,0,0,0
9.33504,0,0,0,150.68988,0,0,0,0,100.93359375,1722.46182126697,-87576.9077209721,-100.93359375,102.43359375,8331.27121040724,-7398.04928236514,-102.43359375,0,0,0,0,0,0,0,0,0,0,0,0
9.33946,0,0,0,82.667816,0,0,0,0,106.16796875,1184.24773755656,-121767.892242174,-106.16796875,138.84375,8237.5919117647,-21194.4114575872,-138.84375,0,0,0,0,0,0,0,0,0,0,0,0
9.34388,0,0,0,13.725923,0,0,0,0,109.02734375,646.91742081448,-121567.944964272,-109.02734375,173.84765625,7919.43580316742,-71981.0200446345,-173.84765625,0,0,0,0,0,0,0,0,0,0,0,0
9.3483,0,0,0,-55.368694,0,0,0,0,109.99609375,219.174208144796,-96774.4825044532,-109.99609375,207.1484375,7534.11340497738,-87177.0131651685,-207.1484375,0,0,0,0,0,0,0,0,0,0,0,0
9.35272,0,0,0,-123.84724,0,0,0,0,109.99609375,0,-49586.9249196372,-109.99609375,238.3203125,7052.46040723982,-108971.266456461,-238.3203125,0,0,0,0,0,0,0,0,0,0,0,0
9.35714,0,0,0,-190.94775,0,0,0,0,108.5,-338.482748868778,-76579.8074363752,-108.5,266.8359375,6451.49886877828,-135964.148973199,-266.8359375,0,0,0,0,0,0,0,0,0,0,0,0
9.36156,0,0,0,-255.92366,0,0,0,0,105.47265625,-684.919400452489,-78379.332937491,-105.47265625,292.1171875,5719.73981900452,-165556.34610266,-292.1171875,0,0,0,0,0,0,0,0,0,0,0,0
9.36598,0,0,0,-318.05194,0,0,0,0,102.125,-757.388291855204,-16395.6767879446,-102.125,313.46875,4830.67024886878,-201146.961569173,-313.46875,0,0,0,0,0,0,0,0,0,0,0,0
9.3704,0,0,0,-376.64136,0,0,0,0,98.64453125,-787.43636877828,-6798.20744865993,-98.64453125,330.88671875,3940.71691176471,-201346.908847075,-330.88671875,0,0,0,0,0,0,0,0,0,0,0,0
9.37482,0,0,0,-431.03998,0,0,0,0,95.2421875,-769.761029411765,3998.94555803525,-95.2421875,343.7421875,2908.47709276018,-233538.420589259,-343.7421875,0,0,0,0,0,0,0,0,0,0,0,0
9.37924,0,0,0,-480.64252,0,0,0,0,92.234375,-680.50056561086,20194.675068078,-92.234375,352.109375,1893.02884615385,-229739.422309126,-352.109375,0,0,0,0,0,0,0,0,0,0,0,0
9.38366,0,0,0,-524.89709,0,0,0,0,89.42578125,-635.428450226244,10197.3111729899,-89.42578125,355.99609375,879.348133484163,-229339.527753322,-355.99609375,0,0,0,0,0,0,0,0,0,0,0,0
9.38808,0,0,0,-563.31122,0,0,0,0,87.37109375,-464.861425339366,38589.8246350402,-87.37109375,355.99609375,0,-198947.541512254,-355.99609375,0,0,0,0,0,0,0,0,0,0,0,0
9.3925,0,0,0,-595.45758,0,0,0,0,86,-310.202205882353,34990.7736328085,-86,350.4765625,-1248.76272624434,-282525.503675191,-350.4765625,0,0,0,0,0,0,0,0,0,0,0,0
9.39692,0,0,0,-620.97839,0,0,0,0,84.8515625,-259.827488687783,11396.9948404005,-84.8515625,340.05859375,-2357.00650452489,-250733.886488811,-340.05859375,0,0,0,0,0,0,0,0,0,0,0,0
9.40134,0,0,0,-639.58972,0,0,0,0,83.1640625,-381.787330316742,-27592.7243504433,-83.1640625,325.82421875,-3220.44683257919,-195348.490510022,-325.82421875,0,0,0,0,0,0,0,0,0,0,0,0
9.40576,0,0,0,-651.08453,0,0,0,0,81.5234375,-371.182126696833,2399.36733482115,-81.5234375,307.62109375,-4118.35407239819,-203146.434348191,-307.62109375,0,0,0,0,0,0,0,0,0,0,0,0
9.41018,0,0,0,-655.3349,0,0,0,0,79.16796875,-532.911481900452,-36590.3518560226,-79.16796875,286.19921875,-4846.57805429864,-164756.556991053,-286.19921875,0,0,0,0,0,0,0,0,0,0,0,0
9.4146,0,0,0,-652.29346,0,0,0,0,76.28515625,-652.220022624434,-26992.882516738,-76.28515625,261.53515625,-5580.10463800905,-165956.240658463,-261.53515625,0,0,0,0,0,0,0,0,0,0,0,0
9.41902,0,0,0,-641.99414,0,0,0,0,72.16015625,-933.257918552036,-63583.2343727606,-72.16015625,233.86328125,-6260.60520361991,-153959.403984357,-233.86328125,0,0,0,0,0,0,0,0,0,0,0,0
9.42344,0,0,0,-624.55151,0,0,0,0,67.3515625,-1087.91713800905,-34990.7736328085,-67.3515625,203.90625,-6777.6088800905,-116969.157572531,-203.90625,0,0,0,0,0,0,0,0,0,0,0,0
9.42786,0,0,0,-600.15967,0,0,0,0,61.671875,-1284.9971719457,-44588.2429720931,-61.671875,172,-7218.60859728507,-99773.6916729796,-172,0,0,0,0,0,0,0,0,0,0,0,0
9.43228,0,0,0,-569.08997,0,0,0,0,54.3359375,-1659.71436651584,-84777.6458303474,-54.3359375,138.58984375,-7558.8588800905,-76979.7019921788,-138.58984375,0,0,0,0,0,0,0,0,0,0,0,0
9.4367,0,0,0,-531.68817,0,0,0,0,45.765625,-1938.98472850679,-63183.3398169571,-45.765625,104,-7825.75650452489,-60384.0779263324,-104,0,0,0,0,0,0,0,0,0,0,0,0
9.44112,0,0,0,-488.37042,0,0,0,0,35.1953125,-2391.47341628959,-102373.006285703,-35.1953125,69.1796875,-7877.89875565611,-11796.8893962039,-69.1796875,0,0,0,0,0,0,0,0,0,0,0,0
9.44554,0,0,0,-439.61868,0,0,0,0,23.3671875,-2676.0463800905,-64383.0234843677,-23.3671875,33.66015625,-8036.09304298642,-35790.5627444156,-33.66015625,0,0,0,0,0,0,0,0,0,0,0,0
9.44996,0,0,0,-385.9754,0,0,0,0,10,-3024.25056561086,-78779.2274932946,-10,-1.41796875,-7936.22737556561,22594.0424028991,1.41796875,0,0,0,0,0,0,0,0,0,0,0,0
9.45438,0,0,0,-328.03751,0,0,0,0,-4.609375,-3305.28846153846,-63583.2343727606,4.609375,-36.07421875,-7840.78054298642,21594.3060133905,36.07421875,0,0,0,0,0,0,0,0,0,0,0,0
9.4588,0,0,0,-266.44958,0,0,0,0,-19.640625,-3400.73529411765,-21594.3060133904,19.640625,-69.73828125,-7616.30373303167,50786.6085870477,69.73828125,0,0,0,0,0,0,0,0,0,0,0,0
9.46322,0,0,0,-201.89694,0,0,0,0,-35.453125,-3577.48868778281,-39989.4555803526,35.453125,-102.2109375,-7346.75480769231,60983.9197600378,102.2109375,0,0,0,0,0,0,0,0,0,0,0,0
9.46764,0,0,0,-135.09785,0,0,0,0,-51.41015625,-3610.18806561086,-7398.04928236524,51.41015625,-133.19921875,-7010.92335972851,75979.9656026697,133.19921875,0,0,0,0,0,0,0,0,0,0,0,0
9.47206,0,0,0,-66.79557,0,0,0,0,-67.046875,-3537.71917420814,16395.6767879446,67.046875,-162.41015625,-6608.80938914027,90976.0114453021,162.41015625,0,0,0,0,0,0,0,0,0,0,0,0
9.47648,0,0,0,2.2499332,0,0,0,0,-82.28515625,-3447.57494343891,20394.6223459798,82.28515625,-189.92578125,-6225.25452488688,86777.1186093652,189.92578125,0,0,0,0,0,0,0,0,0,0,0,0
9.4809,0,0,0,71.270409,0,0,0,0,-96.75,-3272.58908371041,39589.561024549,96.75,-215.30078125,-5740.95022624434,109571.108290166,215.30078125,0,0,0,0,0,0,0,0,0,0,0,0
9.48532,0,0,0,139.49786,0,0,0,0,-110.01171875,-3000.38885746606,61583.761593743,110.01171875,-238.16015625,-5171.80429864253,128766.046968735,238.16015625,0,0,0,0,0,0,0,0,0,0,0,0
9.48974,0,0,0,206.17317,0,0,0,0,-121.6953125,-2643.34700226244,80778.7002723122,121.6953125,-258.5390625,-4610.61227375566,126966.521467619,258.5390625,0,0,0,0,0,0,0,0,0,0,0,0
9.49416,0,0,0,270.55444,0,0,0,0,-130.921875,-2087.45757918552,125766.837800209,130.921875,-276.5,-4063.56052036199,123767.365021191,276.5,0,0,0,0,0,0,0,0,0,0,0,0
9.49858,0,0,0,331.92532,0,0,0,0,-138.01171875,-1604.03704751131,109371.161012264,138.01171875,-291.69921875,-3438.73727375566,141362.725476546,291.69921875,0,0,0,0,0,0,0,0,0,0,0,0
9.503,0,0,0,389.60294,0,0,0,0,-142.0625,-916.466346153846,155558.982207571,142.0625,-304.08984375,-2803.30882352941,143762.092811367,304.08984375,0,0,0,0,0,0,0,0,0,0,0,0
9.50742,0,0,0,442.94556,0,0,0,0,-143,-212.10407239819,159357.980487705,143,-313.48046875,-2124.5757918552,153559.509428554,313.48046875,0,0,0,0,0,0,0,0,0,0,0,0
9.51184,0,0,0,491.35962,0,0,0,0,-143,0,47987.3466964231,143,-320.03125,-1482.07720588235,145361.671034582,320.03125,0,0,0,0,0,0,0,0,0,0,0,0
9.51626,0,0,0,534.30646,0,0,0,0,-137.984375,1134.75678733032,256732.304825863,137.984375,-323.37890625,-757.388291855204,163956.767879446,323.37890625,0,0,0,0,0,0,0,0,0,0,0,0
9.52068,0,0,0,571.30817,0,0,0,0,-131.28515625,1515.66035067873,86177.2767756597,131.28515625,-324,-140.518947963801,139563.19997543,324,0,0,0,0,0,0,0,0,0,0,0,0
9.5251,0,0,0,601.95313,0,0,0,0,-122.96484375,1882.42364253394,82978.1203292316,122.96484375,-321.984375,456.023755656109,134964.41258369,321.984375,0,0,0,0,0,0,0,0,0,0,0,0
9.52952,0,0,0,625.90027,0,0,0,0,-113.22265625,2204.11481900452,72780.8091562416,113.22265625,-315.2109375,1532.45192307692,243535.784484347,315.2109375,0,0,0,0,0,0,0,0,0,0,0,0
9.53394,0,0,0,642.88318,0,0,0,0,-101.94921875,2550.55147058824,78379.3329374911,101.94921875,-305.62109375,2169.64790723982,144161.987367171,305.62109375,0,0,0,0,0,0,0,0,0,0,0,0
9.53836,0,0,0,652.71289,0,0,0,0,-89.23046875,2877.54524886878,73980.4928236522,89.23046875,-292.76171875,2909.36085972851,167355.871603776,292.76171875,0,0,0,0,0,0,0,0,0,0,0,0
9.54278,0,0,0,655.28003,0,0,0,0,-75.28125,3155.9318438914,62983.3925390553,75.28125,-277.30078125,3497.94966063348,133164.887082574,277.30078125,0,0,0,0,0,0,0,0,0,0,0,0
9.5472,0,0,0,650.55603,0,0,0,0,-60.12109375,3429.8996040724,61983.6561495465,60.12109375,-259.0390625,4131.61057692308,143362.198255564,259.0390625,0,0,0,0,0,0,0,0,0,0,0,0
9.55162,0,0,0,638.59344,0,0,0,0,-44.34375,3569.53478506787,31591.6699084786,44.34375,-238.3984375,4669.82466063348,121767.892242174,238.3984375,0,0,0,0,0,0,0,0,0,0,0,0
9.55604,0,0,0,619.52539,0,0,0,0,-28.00390625,3696.79722850679,28792.4080178539,28.00390625,-214.91796875,5312.32324660633,145361.671034582,214.91796875,0,0,0,0,0,0,0,0,0,0,0,0
9.56046,0,0,0,593.56409,0,0,0,0,-11.4375,3748.05571266968,11596.9421183022,11.4375,-188.82421875,5903.56334841629,133764.728916279,188.82421875,0,0,0,0,0,0,0,0,0,0,0,0
9.56488,0,0,0,560.99829,0,0,0,0,5.3046875,3787.82522624434,8997.62750557926,-5.3046875,-160.4609375,6417.03195701357,116169.368460924,160.4609375,0,0,0,0,0,0,0,0,0,0,0,0
9.5693,0,0,0,522.19037,0,0,0,0,21.80078125,3732.14790723982,-12596.678507811,-21.80078125,-129.73828125,6950.82720588235,120768.155852665,129.73828125,0,0,0,0,0,0,0,0,0,0,0,0
9.57372,0,0,0,477.57224,0,0,0,0,37.7890625,3617.25820135747,-25993.1461272292,-37.7890625,-97.1875,7364.43014705882,93575.3260580252,97.1875,0,0,0,0,0,0,0,0,0,0,0,0
9.57814,0,0,0,427.64023,0,0,0,0,52.9296875,3425.48076923077,-43388.5593046825,-52.9296875,-62.80078125,7779.80062217195,93975.2206138284,62.80078125,0,0,0,0,0,0,0,0,0,0,0,0
9.58256,0,0,0,372.95001,0,0,0,0,66.76953125,3131.18636877828,-66582.4435412871,-66.76953125,-27.19921875,8054.65214932127,62183.6034274483,27.19921875,0,0,0,0,0,0,0,0,0,0,0,0
9.58698,0,0,0,314.11005,0,0,0,0,79.09375,2788.28478506787,-77579.5438258839,-79.09375,9.03515625,8197.82239819004,32391.4590200855,-9.03515625,0,0,0,0,0,0,0,0,0,0,0,0
9.5914,0,0,0,251.77507,0,0,0,0,89.703125,2400.31108597285,-87776.8549988739,-89.703125,45.8671875,8333.03874434389,30591.9335189696,-45.8671875,0,0,0,0,0,0,0,0,0,0,0,0
9.59582,0,0,0,186.63866,0,0,0,0,98.4453125,1977.87047511312,-95574.7988370426,-98.4453125,82.8828125,8374.5757918552,9397.52206138286,-82.8828125,0,0,0,0,0,0,0,0,0,0,0,0
9.60024,0,0,0,119.42555,0,0,0,0,104.99609375,1482.07720588235,-112170.422902889,-104.99609375,119.26953125,8232.28930995475,-32191.5117421836,-119.26953125,0,0,0,0,0,0,0,0,0,0,0,0
9.60466,0,0,0,50.883636,0,0,0,0,109.31640625,977.446266968326,-114169.895681907,-109.31640625,155.15234375,8118.28337104072,-25793.1988493276,-155.15234375,0,0,0,0,0,0,0,0,0,0,0,0
9.60908,0,0,0,-18.224451,0,0,0,0,111.57421875,510.817307692308,-105572.162732131,-111.57421875,189.421875,7753.28761312217,-82578.2257734281,-189.421875,0,0,0,0,0,0,0,0,0,0,0,0
9.6135,0,0,0,-87.129761,0,0,0,0,111.99609375,95.4468325791855,-93975.2206138285,-111.99609375,221.73046875,7309.63659502262,-100373.533506685,-221.73046875,0,0,0,0,0,0,0,0,0,0,0,0
9.61792,0,0,0,-155.0656,0,0,0,0,111.99609375,0,-21594.3060133904,-111.99609375,251.78125,6798.81928733032,-115569.526627219,-251.78125,0,0,0,0,0,0,0,0,0,0,0,0
9.62234,0,0,0,-221.27606,0,0,0,0,109.32421875,-604.496606334842,-136763.938084806,-109.32421875,278.609375,6069.71153846154,-164956.504268954,-278.609375,0,0,0,0,0,0,0,0,0,0,0,0
9.62676,0,0,0,-285.02444,0,0,0,0,105.94921875,-763.574660633484,-35990.5100223173,-105.94921875,302.13671875,5322.92845022624,-168955.44982699,-302.13671875,0,0,0,0,0,0,0,0,0,0,0,0
9.63118,0,0,0,-345.60141,0,0,0,0,102.37109375,-809.530542986425,-10397.2584508917,-102.37109375,321.89453125,4470.09332579186,-192949.123175201,-321.89453125,0,0,0,0,0,0,0,0,0,0,0,0
9.6356,0,0,0,-402.33298,0,0,0,0,98.73828125,-821.903280542986,-2799.26189062468,-98.73828125,337.36328125,3499.71719457014,-219542.111136136,-337.36328125,0,0,0,0,0,0,0,0,0,0,0,0
9.64002,0,0,0,-454.58789,0,0,0,0,95.265625,-785.668834841629,8197.83839397228,-95.265625,348.546875,2530.22483031674,-219342.163858234,-348.546875,0,0,0,0,0,0,0,0,0,0,0,0
9.64444,0,0,0,-501.7847,0,0,0,0,92.390625,-650.452488687783,30591.9335189697,-92.390625,354.87109375,1430.81872171946,-248734.413709793,-354.87109375,0,0,0,0,0,0,0,0,0,0,0,0
9.64886,0,0,0,-543.39825,0,0,0,0,89.78515625,-589.472567873303,13796.3621752216,-89.78515625,356.99609375,480.769230769231,-214943.323744395,-356.99609375,0,0,0,0,0,0,0,0,0,0,0,0
9.65328,0,0,0,-578.96564,0,0,0,0,87.92578125,-420.673076923077,38189.9300792367,-87.92578125,354.984375,-455.139988687783,-211744.167297967,-354.984375,0,0,0,0,0,0,0,0,0,0,0,0
9.6577,0,0,0,-608.09094,0,0,0,0,86.234375,-382.671097285068,8597.73294977581,-86.234375,347.22265625,-1756.04496606335,-294322.393071395,-347.22265625,0,0,0,0,0,0,0,0,0,0,0,0
9.66212,0,0,0,-630.4502,0,0,0,0,84.79296875,-326.110011312217,12796.6257857128,-84.79296875,335.07421875,-2748.51527149321,-224540.79308368,-335.07421875,0,0,0,0,0,0,0,0,0,0,0,0
9.66654,0,0,0,-645.79456,0,0,0,0,82.65234375,-484.304298642534,-35790.5627444155,-82.65234375,319.06640625,-3621.67703619909,-197547.910566942,-319.06640625,0,0,0,0,0,0,0,0,0,0,0,0
9.67096,0,0,0,-653.95337,0,0,0,0,80.359375,-518.77121040724,-7797.94383816875,-80.359375,299.49609375,-4427.67251131222,-182351.917446408,-299.49609375,0,0,0,0,0,0,0,0,0,0,0,0
9.67538,0,0,0,-654.83575,0,0,0,0,77.65625,-611.566742081448,-20994.4641796851,-77.65625,276.6640625,-5165.61792986425,-166955.977047972,-276.6640625,0,0,0,0,0,0,0,0,0,0,0,0
9.6798,0,0,0,-648.43195,0,0,0,0,74.00390625,-826.322115384615,-48587.1885301284,-74.00390625,250.7578125,-5861.14253393665,-157358.507708687,-250.7578125,0,0,0,0,0,0,0,0,0,0,0,0
9.68422,0,0,0,-634.81323,0,0,0,0,69.70703125,-972.143665158371,-32991.3008537909,-69.70703125,222.2265625,-6455.03393665158,-134364.570749985,-222.2265625,0,0,0,0,0,0,0,0,0,0,0,0
9.68864,0,0,0,-614.1311,0,0,0,0,64.12890625,-1262.01923076923,-65582.7071517782,-64.12890625,191.26953125,-7003.8532239819,-124167.259576995,-191.26953125,0,0,0,0,0,0,0,0,0,0,0,0
9.69306,0,0,0,-586.61566,0,0,0,0,57.578125,-1482.07720588235,-49786.872197539,-57.578125,158.6796875,-7373.26781674208,-83577.9621629369,-158.6796875,0,0,0,0,0,0,0,0,0,0,0,0
9.69748,0,0,0,-552.57312,0,0,0,0,49.5078125,-1825.86255656109,-77779.4911037857,-49.5078125,124.5546875,-7720.58823529412,-78579.2802153928,-124.5546875,0,0,0,0,0,0,0,0,0,0,0,0
9.7019,0,0,0,-512.38226,0,0,0,0,39.7734375,-2202.34728506787,-85177.540386151,-39.7734375,89.58203125,-7912.36566742081,-43388.5593046826,-89.58203125,0,0,0,0,0,0,0,0,0,0,0,0
9.70632,0,0,0,-466.4902,0,0,0,0,28.68359375,-2509.01442307692,-69381.7054319117,-28.68359375,54.2734375,-7988.36962669683,-17195.4658995515,-54.2734375,0,0,0,0,0,0,0,0,0,0,0,0
9.71074,0,0,0,-415.40765,0,0,0,0,15.8125,-2912.01216063348,-91175.9587232038,-15.8125,18.6953125,-8049.34954751131,-13796.3621752216,-18.6953125,0,0,0,0,0,0,0,0,0,0,0,0
9.71516,0,0,0,-359.70297,0,0,0,0,1.921875,-3142.67533936652,-52186.2395323602,-1.921875,-16.44921875,-7951.25141402715,22194.1478470956,16.44921875,0,0,0,0,0,0,0,0,0,0,0,0
9.71958,0,0,0,-299.99594,0,0,0,0,-13.0390625,-3384.82748868778,-54785.554145083,13.0390625,-50.6953125,-7747.98501131222,45987.8739174055,50.6953125,0,0,0,0,0,0,0,0,0,0,0,0
9.724,0,0,0,-236.95094,0,0,0,0,-28.6015625,-3520.92760180995,-30791.8807968715,28.6015625,-84.2734375,-7596.86085972851,34190.9845212014,84.2734375,0,0,0,0,0,0,0,0,0,0,0,0
9.72842,0,0,0,-171.26944,0,0,0,0,-44.3984375,-3573.9536199095,-11996.8366741057,44.3984375,-116.41796875,-7272.51838235294,73380.6509899471,116.41796875,0,0,0,0,0,0,0,0,0,0,0,0
9.73284,0,0,0,-103.68227,0,0,0,0,-60.109375,-3554.51074660633,4398.84011383875,60.109375,-147.04296875,-6928.73303167421,77779.4911037858,147.04296875,0,0,0,0,0,0,0,0,0,0,0,0
9.73726,0,0,0,-34.94146,0,0,0,0,-75.2109375,-3416.64309954751,31191.775352675,75.2109375,-176,-6551.36453619909,85377.4876640526,176,0,0,0,0,0,0,0,0,0,0,0,0
9.74168,0,0,0,34.188141,0,0,0,0,-90.03515625,-3353.89564479638,14196.2567310252,90.03515625,-202.62890625,-6024.63942307692,119168.577629451,202.62890625,0,0,0,0,0,0,0,0,0,0,0,0
9.7461,0,0,0,102.93733,0,0,0,0,-103.9375,-3145.32664027149,47187.557584816,103.9375,-227.39453125,-5603.08257918552,95374.851559141,227.39453125,0,0,0,0,0,0,0,0,0,0,0,0
9.75052,0,0,0,170.54117,0,0,0,0,-116.3828125,-2815.68156108597,74580.3346573576,116.3828125,-249.5546875,-5013.61001131222,133364.834360476,249.5546875,0,0,0,0,0,0,0,0,0,0,0,0
9.75494,0,0,0,236.24744,0,0,0,0,-126.75,-2345.51753393665,106371.951843738,126.75,-269.23828125,-4453.30175339366,126766.574189718,269.23828125,0,0,0,0,0,0,0,0,0,0,0,0
9.75936,0,0,0,299.32504,0,0,0,0,-135.140625,-1898.3314479638,101173.322618292,135.140625,-286.21875,-3841.73501131222,138363.51630802,286.21875,0,0,0,0,0,0,0,0,0,0,0,0
9.76378,0,0,0,359.07214,0,0,0,0,-140.76953125,-1273.50820135747,141362.725476546,140.76953125,-300.421875,-3213.37669683258,142162.514588153,300.421875,0,0,0,0,0,0,0,0,0,0,0,0
9.7682,0,0,0,414.82391,0,0,0,0,-143.2890625,-570.029694570136,159158.033209803,143.2890625,-311.93359375,-2604.46125565611,137763.674474315,311.93359375,0,0,0,0,0,0,0,0,0,0,0,0
9.77262,0,0,0,465.96005,0,0,0,0,-144,-160.845588235294,92575.5896685162,144,-320.09765625,-1847.0729638009,171354.817161811,320.09765625,0,0,0,0,0,0,0,0,0,0,0,0
9.77704,0,0,0,511.91156,0,0,0,0,-140.91015625,699.059671945701,194548.701398415,140.91015625,-325.21484375,-1157.73472850679,155958.876763375,325.21484375,0,0,0,0,0,0,0,0,0,0,0,0
9.78146,0,0,0,552.16718,0,0,0,0,-135.453125,1234.62245475113,121168.050408468,135.453125,-327.35546875,-484.304298642534,152359.825761143,327.35546875,0,0,0,0,0,0,0,0,0,0,0,0
9.78588,0,0,0,586.27893,0,0,0,0,-128.125,1657.94683257919,95774.7461149444,128.125,-328,-145.821549773756,76579.8074363752,328,0,0,0,0,0,0,0,0,0,0,0,0
9.7903,0,0,0,613.86737,0,0,0,0,-119.16796875,2026.47765837104,83378.0148850351,119.16796875,-322.60546875,1220.48218325792,309118.491636125,322.60546875,0,0,0,0,0,0,0,0,0,0,0,0
9.79472,0,0,0,634.62543,0,0,0,0,-108.77734375,2350.82013574661,73380.6509899469,108.77734375,-314.4140625,1853.25933257919,143162.250977662,314.4140625,0,0,0,0,0,0,0,0,0,0,0,0
9.79914,0,0,0,648.32214,0,0,0,0,-97.0625,2650.41713800905,67782.1272086977,97.0625,-303.00390625,2581.48331447964,164756.556991053,303.00390625,0,0,0,0,0,0,0,0,0,0,0,0
9.80356,0,0,0,654.80518,0,0,0,0,-83.91015625,2975.64338235294,73580.5982678487,83.91015625,-288.87890625,3195.70135746606,138963.358141725,288.87890625,0,0,0,0,0,0,0,0,0,0,0,0
9.80798,0,0,0,654.00232,0,0,0,0,-69.640625,3228.40073529412,57184.9214799042,69.640625,-271.80078125,3863.82918552036,151160.142093733,271.80078125,0,0,0,0,0,0,0,0,0,0,0,0
9.8124,0,0,0,645.92255,0,0,0,0,-54.52734375,3419.29440045249,43188.6120267807,54.52734375,-252.1484375,4446.23161764706,131765.256137262,252.1484375,0,0,0,0,0,0,0,0,0,0,0,0
9.81682,0,0,0,630.65576,0,0,0,0,-38.546875,3615.49066742081,44388.2956941913,38.546875,-229.83203125,5048.96069004525,136364.043529002,229.83203125,0,0,0,0,0,0,0,0,0,0,0,0
9.82124,0,0,0,608.37183,0,0,0,0,-22.1484375,3710.05373303167,21394.3587354886,22.1484375,-204.828125,5656.99236425339,137563.727196413,204.828125,0,0,0,0,0,0,0,0,0,0,0,0
9.82566,0,0,0,579.31866,0,0,0,0,-5.3671875,3796.6628959276,19594.8332343727,5.3671875,-177.5,6182.83371040724,118968.630351549,177.5,0,0,0,0,0,0,0,0,0,0,0,0
9.83008,0,0,0,543.81964,0,0,0,0,11.48828125,3813.45446832579,3798.9982801335,-11.48828125,-147.484375,6790.86538461538,137563.727196413,147.484375,0,0,0,0,0,0,0,0,0,0,0,0
9.8345,0,0,0,502.26962,0,0,0,0,27.8515625,3702.09983031674,-25193.3570156221,-27.8515625,-115.62109375,7208.88716063348,94575.0624475338,115.62109375,0,0,0,0,0,0,0,0,0,0,0,0
9.83892,0,0,0,455.13098,0,0,0,0,43.40625,3519.1600678733,-41389.0865256649,-43.40625,-82.08984375,7586.2556561086,85377.4876640528,82.08984375,0,0,0,0,0,0,0,0,0,0,0,0
9.84334,0,0,0,402.92819,0,0,0,0,57.71875,3238.1221719457,-63583.2343727606,-57.71875,-46.984375,7942.41374434389,80578.7529944105,46.984375,0,0,0,0,0,0,0,0,0,0,0,0
9.84776,0,0,0,346.24216,0,0,0,0,71.08984375,3025.13433257919,-48187.2939743248,-71.08984375,-10.79296875,8188.10096153846,55585.34325669,10.79296875,0,0,0,0,0,0,0,0,0,0,0,0
9.85218,0,0,0,285.70355,0,0,0,0,82.85546875,2661.90610859728,-82178.3312176246,-82.85546875,26.078125,8341.87641402715,34790.8263549067,-26.078125,0,0,0,0,0,0,0,0,0,0,0,0
9.8566,0,0,0,221.98599,0,0,0,0,92.8359375,2258.0246040724,-91375.9060011056,-92.8359375,63.1171875,8379.87839366516,8597.73294977586,-63.1171875,0,0,0,0,0,0,0,0,0,0,0,0
9.86102,0,0,0,155.79845,0,0,0,0,100.7890625,1799.34954751131,-103772.637231015,-100.7890625,100.2734375,8406.39140271493,5998.41833705277,-100.2734375,0,0,0,0,0,0,0,0,0,0,0,0
9.86544,0,0,0,87.87738,0,0,0,0,106.61328125,1317.69654977376,-108971.266456461,-106.61328125,136.66015625,8232.28930995475,-39389.6137466471,-136.66015625,0,0,0,0,0,0,0,0,0,0,0,0
9.86986,0,0,0,18.978519,0,0,0,0,110.18359375,807.763009049774,-115369.579349317,-110.18359375,171.87109375,7966.27545248869,-60184.1306484308,-171.87109375,0,0,0,0,0,0,0,0,0,0,0,0
9.87428,0,0,0,-50.131508,0,0,0,0,111.95703125,401.230203619909,-91975.7478348109,-111.95703125,205.40625,7587.13942307692,-85777.3822198561,-205.40625,0,0,0,0,0,0,0,0,0,0,0,0
9.8787,0,0,0,-118.68374,0,0,0,0,111.99609375,8.83766968325792,-88776.5913883827,-111.99609375,236.99609375,7147.02347285068,-99573.7443950779,-236.99609375,0,0,0,0,0,0,0,0,0,0,0,0
9.88312,0,0,0,-185.91541,0,0,0,0,110.5,-338.482748868778,-78579.2802153928,-110.5,265.5234375,6454.15016968326,-156758.665874982,-265.5234375,0,0,0,0,0,0,0,0,0,0,0,0
9.88754,0,0,0,-251.07843,0,0,0,0,108.390625,-477.234162895928,-31391.7226305768,-108.390625,291.0703125,5779.83597285068,-152559.773039045,-291.0703125,0,0,0,0,0,0,0,0,0,0,0,0
9.89196,0,0,0,-313.44775,0,0,0,0,104.8671875,-797.157805429864,-72380.9146004381,-104.8671875,312.99609375,4960.58399321267,-185351.126614934,-312.99609375,0,0,0,0,0,0,0,0,0,0,0,0
9.89638,0,0,0,-372.32947,0,0,0,0,101.46484375,-769.761029411765,6198.36561495465,-101.46484375,330.796875,4027.32607466063,-211144.325464261,-330.796875,0,0,0,0,0,0,0,0,0,0,0,0
9.9008,0,0,0,-427.06833,0,0,0,0,97.765625,-836.927319004525,-15195.993120534,-97.765625,344.3671875,3070.2064479638,-216542.901967609,-344.3671875,0,0,0,0,0,0,0,0,0,0,0,0
9.90522,0,0,0,-477.0553,0,0,0,0,94.2734375,-790.087669683258,10597.2057287934,-94.2734375,353.2421875,2007.9185520362,-240336.628037919,-353.2421875,0,0,0,0,0,0,0,0,0,0,0,0
9.90964,0,0,0,-521.73419,0,0,0,0,91.1875,-698.175904977375,20794.5169017834,-91.1875,357.58984375,983.632635746606,-231738.895088143,-357.58984375,0,0,0,0,0,0,0,0,0,0,0,0
9.91406,0,0,0,-560.60791,0,0,0,0,88.9296875,-510.817307692308,42388.8229151737,-88.9296875,357.99609375,91.9117647058823,-201746.803402879,-357.99609375,0,0,0,0,0,0,0,0,0,0,0,0
9.91848,0,0,0,-593.2439,0,0,0,0,87.08203125,-418.0217760181,20994.4641796851,-87.08203125,353.37109375,-1046.38009049774,-257532.093937471,-353.37109375,0,0,0,0,0,0,0,0,0,0,0,0
9.9229,0,0,0,-619.27899,0,0,0,0,85.48046875,-362.344457013575,12596.6785078111,-85.48046875,343.375,-2261.5596719457,-274927.507114924,-343.375,0,0,0,0,0,0,0,0,0,0,0,0
9.92732,0,0,0,-638.42346,0,0,0,0,83.45703125,-457.79128959276,-21594.3060133904,-83.45703125,329.38671875,-3164.76951357466,-204346.118015602,-329.38671875,0,0,0,0,0,0,0,0,0,0,0,0
9.93174,0,0,0,-650.46442,0,0,0,0,81.4375,-456.907522624434,199.947277901765,-81.4375,311.515625,-4043.2338800905,-198747.594234352,-311.515625,0,0,0,0,0,0,0,0,0,0,0,0
9.93616,0,0,0,-655.26782,0,0,0,0,78.7109375,-616.869343891403,-36190.4573002191,-78.7109375,290.30859375,-4797.97087104072,-170754.975328106,-290.30859375,0,0,0,0,0,0,0,0,0,0,0,0
9.94058,0,0,0,-652.78021,0,0,0,0,75.46875,-733.526583710407,-26393.0406830327,-75.46875,265.89453125,-5523.5435520362,-164156.715157347,-265.89453125,0,0,0,0,0,0,0,0,0,0,0,0
9.945,0,0,0,-643.02924,0,0,0,0,71.54296875,-888.185803167421,-34990.7736328085,-71.54296875,238.57421875,-6181.06617647059,-148760.774758911,-238.57421875,0,0,0,0,0,0,0,0,0,0,0,0
9.94942,0,0,0,-626.12347,0,0,0,0,66.59765625,-1118.84898190045,-52186.2395323601,-66.59765625,208.52734375,-6797.93552036199,-139563.199975431,-208.52734375,0,0,0,0,0,0,0,0,0,0,0,0
9.95384,0,0,0,-602.25098,0,0,0,0,60.75,-1322.99915158371,-46187.8211953072,-60.75,176.59765625,-7223.91119909502,-96374.5879486497,-176.59765625,0,0,0,0,0,0,0,0,0,0,0,0
9.95826,0,0,0,-571.67743,0,0,0,0,53.359375,-1672.0871040724,-78979.1747711963,-53.359375,143.05078125,-7589.7907239819,-82778.1730513297,-143.05078125,0,0,0,0,0,0,0,0,0,0,0,0
9.96268,0,0,0,-534.74292,0,0,0,0,44.546875,-1993.77828054299,-72780.8091562417,-44.546875,108.23828125,-7876.13122171946,-64782.9180401712,-108.23828125,0,0,0,0,0,0,0,0,0,0,0,0
9.9671,0,0,0,-491.85846,0,0,0,0,33.93359375,-2401.19485294118,-92175.6951127126,-33.93359375,72.7265625,-8034.32550904977,-35790.5627444156,-72.7265625,0,0,0,0,0,0,0,0,0,0,0,0
9.97152,0,0,0,-443.50125,0,0,0,0,21.99609375,-2700.79185520362,-67782.1272086977,-21.99609375,37.1953125,-8038.7443438914,-999.736389508864,-37.1953125,0,0,0,0,0,0,0,0,0,0,0,0
9.97594,0,0,0,-390.20929,0,0,0,0,8.5703125,-3037.50707013575,-76179.9128805716,-8.5703125,1.46484375,-8083.81645927602,-10197.3111729899,-1.46484375,0,0,0,0,0,0,0,0,0,0,0,0
9.98036,0,0,0,-332.57556,0,0,0,0,-5.859375,-3264.63518099547,-51386.4504207531,5.859375,-33.61328125,-7936.22737556561,33391.1954095944,33.61328125,0,0,0,0,0,0,0,0,0,0,0,0
9.98478,0,0,0,-271.24136,0,0,0,0,-21.08984375,-3445.80740950226,-40989.1919698613,21.08984375,-67.9765625,-7774.49802036199,36590.3518560226,67.9765625,0,0,0,0,0,0,0,0,0,0,0,0
9.9892,0,0,0,-206.8891,0,0,0,0,-36.9140625,-3580.13998868778,-30391.986241068,36.9140625,-101.10546875,-7495.22765837104,63183.3398169572,101.10546875,0,0,0,0,0,0,0,0,0,0,0,0
9.99362,0,0,0,-140.23486,0,0,0,0,-52.75390625,-3583.67505656109,-799.789111607009,52.75390625,-132.80859375,-7172.65271493213,72980.7564341433,132.80859375,0,0,0,0,0,0,0,0,0,0,0,0
9.99804,0,0,0,-72.020256,0,0,0,0,-68.1953125,-3493.53082579186,20394.6223459797,68.1953125,-162.7578125,-6775.84134615385,89776.3277778916,162.7578125,0,0,0,0,0,0,0,0,0,0,0,0
10.00246,0,0,0,-3.0042987,0,0,0,0,-83.11328125,-3375.1060520362,26792.9352388362,83.11328125,-191.140625,-6421.4507918552,80178.8584386068,191.140625,0,0,0,0,0,0,0,0,0,0,0,0
10.00688,0,0,0,66.045082,0,0,0,0,-97.61328125,-3280.54298642534,21394.3587354886,97.61328125,-217.03515625,-5858.49123303167,127366.416023423,217.03515625,0,0,0,0,0,0,0,0,0,0,0,0
10.0113,0,0,0,134.3596,0,0,0,0,-110.7265625,-2966.80571266968,70981.2836551258,110.7265625,-240.7578125,-5367.11679864253,111170.68651338,240.7578125,0,0,0,0,0,0,0,0,0,0,0,0
10.01572,0,0,0,201.17914,0,0,0,0,-122.23046875,-2602.69372171946,82378.2784955263,122.23046875,-261.890625,-4781.17929864253,132565.045248869,261.890625,0,0,0,0,0,0,0,0,0,0,0,0
10.02014,0,0,0,265.76019,0,0,0,0,-131.6015625,-2120.15695701357,109171.213734363,131.6015625,-280.35546875,-4177.56645927602,136563.990806904,280.35546875,0,0,0,0,0,0,0,0,0,0,0,0
10.02456,0,0,0,327.38422,0,0,0,0,-138.66015625,-1596.96691176471,118368.788517844,138.66015625,-296.1015625,-3562.46464932127,139163.305419627,296.1015625,0,0,0,0,0,0,0,0,0,0,0,0
10.02898,0,0,0,385.36551,0,0,0,0,-143,-981.865101809955,139163.305419627,143,-308.98828125,-2915.54722850679,146361.40742409,308.98828125,0,0,0,0,0,0,0,0,0,0,0,0
10.0334,0,0,0,439.05893,0,0,0,0,-144.44921875,-327.877545248869,147960.985647305,144.44921875,-318.8828125,-2238.58173076923,153159.61487275,318.8828125,0,0,0,0,0,0,0,0,0,0,0,0
10.03782,0,0,0,487.86707,0,0,0,0,-143.5,214.755373303167,122767.628631682,143.5,-325.69921875,-1542.17335972851,157558.454986589,325.69921875,0,0,0,0,0,0,0,0,0,0,0,0
10.04224,0,0,0,531.24683,0,0,0,0,-139.51171875,902.326074660633,155558.982207571,139.51171875,-329.1328125,-776.831165158371,173154.342662927,329.1328125,0,0,0,0,0,0,0,0,0,0,0,0
10.04666,0,0,0,568.71552,0,0,0,0,-132.87890625,1500.63631221719,135364.307139493,132.87890625,-330,-196.196266968326,131365.361581458,330,0,0,0,0,0,0,0,0,0,0,0,0
10.05108,0,0,0,599.85626,0,0,0,0,-124.75,1839.11906108597,76579.8074363752,124.75,-327.87109375,481.652997737557,153359.562150652,327.87109375,0,0,0,0,0,0,0,0,0,0,0,0
10.0555,0,0,0,624.32251,0,0,0,0,-115.43359375,2107.78421945701,60783.9724821359,115.43359375,-321.32421875,1481.19343891403,226140.371306894,321.32421875,0,0,0,0,0,0,0,0,0,0,0,0
10.05992,0,0,0,641.84216,0,0,0,0,-104.45703125,2483.38518099547,84977.5931082492,104.45703125,-311.171875,2296.91035067873,184551.337503327,311.171875,0,0,0,0,0,0,0,0,0,0,0,0
10.06434,0,0,0,652.22015,0,0,0,0,-91.96484375,2826.28676470588,77579.5438258839,91.96484375,-298.27734375,2917.31476244344,140362.989087038,298.27734375,0,0,0,0,0,0,0,0,0,0,0,0
10.06876,0,0,0,655.34106,0,0,0,0,-78.44921875,3057.83371040724,52386.1868102619,78.44921875,-282.4765625,3574.83738687783,148760.774758912,282.4765625,0,0,0,0,0,0,0,0,0,0,0,0
10.07318,0,0,0,651.1701,0,0,0,0,-63.703125,3336.22030542986,62983.3925390552,63.703125,-263.9921875,4181.98529411765,137363.779918511,263.9921875,0,0,0,0,0,0,0,0,0,0,0,0
10.0776,0,0,0,639.75378,0,0,0,0,-48.22265625,3502.36849547511,37590.0882455315,48.22265625,-242.796875,4795.31957013575,138763.410863823,242.796875,0,0,0,0,0,0,0,0,0,0,0,0
10.08202,0,0,0,621.21912,0,0,0,0,-31.93359375,3685.30825791855,41389.0865256649,31.93359375,-218.921875,5401.58371040724,137163.832640609,218.921875,0,0,0,0,0,0,0,0,0,0,0,0
10.08644,0,0,0,595.77228,0,0,0,0,-15.30078125,3763.07975113122,17595.3604553552,15.30078125,-192.58203125,5959.24066742081,126166.732356012,192.58203125,0,0,0,0,0,0,0,0,0,0,0,0
10.09086,0,0,0,563.69641,0,0,0,0,1.37890625,3773.68495475113,2399.36733482113,-1.37890625,-163.53515625,6571.69117647059,138563.463585922,163.53515625,0,0,0,0,0,0,0,0,0,0,0,0
10.09528,0,0,0,525.34845,0,0,0,0,17.91796875,3741.8693438914,-7198.10200446349,-17.91796875,-132.5859375,7002.08569004525,97374.3243381585,132.5859375,0,0,0,0,0,0,0,0,0,0,0,0
10.0997,0,0,0,481.15503,0,0,0,0,34.0390625,3647.30627828054,-21394.3587354886,-34.0390625,-99.62109375,7458.10944570136,103172.79539731,99.62109375,0,0,0,0,0,0,0,0,0,0,0,0
10.10412,0,0,0,431.60794,0,0,0,0,49.26171875,3444.03987556561,-45987.8739174055,-49.26171875,-65.31640625,7761.2415158371,68581.9163203046,65.31640625,0,0,0,0,0,0,0,0,0,0,0,0
10.10854,0,0,0,377.25845,0,0,0,0,63.3828125,3194.81759049774,-56385.1323682971,-63.3828125,-29.484375,8106.79440045249,78179.3856595893,29.484375,0,0,0,0,0,0,0,0,0,0,0,0
10.11296,0,0,0,318.71133,0,0,0,0,76.23046875,2906.70955882353,-65182.8125959747,-76.23046875,7.0625,8268.52375565611,36590.3518560226,-7.0625,0,0,0,0,0,0,0,0,0,0,0,0
10.11738,0,0,0,256.61795,0,0,0,0,87.328125,2510.78195701357,-89576.3804999898,-87.328125,44.40234375,8447.92845022624,40589.2974140578,-44.40234375,0,0,0,0,0,0,0,0,0,0,0,0
10.1218,0,0,0,191.66928,0,0,0,0,96.7265625,2126.34332579186,-86977.0658872668,-96.7265625,81.53515625,8401.08880090498,-10597.2057287936,-81.53515625,0,0,0,0,0,0,0,0,0,0,0,0
10.12622,0,0,0,124.58793,0,0,0,0,103.89453125,1621.71238687783,-114169.895681907,-103.89453125,118.22265625,8300.33936651584,-22793.9896808008,-118.22265625,0,0,0,0,0,0,0,0,0,0,0,0
10.13064,0,0,0,56.120331,0,0,0,0,108.99609375,1154.19966063348,-105772.110010033,-108.99609375,154.3046875,8163.35548642534,-30991.8280747731,-154.3046875,0,0,0,0,0,0,0,0,0,0,0,0
10.13506,0,0,0,-12.971707,0,0,0,0,111.796875,633.660916289593,-117768.946684138,-111.796875,188.99609375,7848.73444570136,-71181.2309330277,-188.99609375,0,0,0,0,0,0,0,0,0,0,0,0
10.13948,0,0,0,-81.919411,0,0,0,0,112.99609375,271.316459276018,-81978.3839397228,-112.99609375,221.3984375,7330.84700226244,-117169.104850433,-221.3984375,0,0,0,0,0,0,0,0,0,0,0,0
10.1439,0,0,0,-149.95563,0,0,0,0,112.99609375,0,-61383.8143158412,-112.99609375,251.6796875,6850.96153846154,-108571.371900657,-251.6796875,0,0,0,0,0,0,0,0,0,0,0,0
10.14832,0,0,0,-216.3233,0,0,0,0,110.79296875,-498.444570135747,-112770.264736594,-110.79296875,278.8046875,6136.8778280543,-161557.400544624,-278.8046875,0,0,0,0,0,0,0,0,0,0,0,0
10.15274,0,0,0,-280.28403,0,0,0,0,107.84765625,-666.360294117647,-37989.9828013349,-107.84765625,302.67578125,5400.69994343891,-166556.082492168,-302.67578125,0,0,0,0,0,0,0,0,0,0,0,0
10.15716,0,0,0,-341.1261,0,0,0,0,104.49609375,-758.272058823529,-20794.5169017834,-104.49609375,322.91796875,4579.68042986425,-185751.021170738,-322.91796875,0,0,0,0,0,0,0,0,0,0,0,0
10.16158,0,0,0,-398.17252,0,0,0,0,100.98828125,-793.622737556561,-7997.8911160705,-100.98828125,338.80078125,3593.39649321267,-223141.162138367,-338.80078125,0,0,0,0,0,0,0,0,0,0,0,0
10.166,0,0,0,-450.7886,0,0,0,0,97.2109375,-854.602658371041,-13796.3621752216,-97.2109375,350.12109375,2561.15667420814,-233538.420589259,-350.12109375,0,0,0,0,0,0,0,0,0,0,0,0
10.17042,0,0,0,-498.38885,0,0,0,0,93.8125,-768.877262443439,19394.885956471,-93.8125,356.99609375,1555.42986425339,-227540.002252206,-356.99609375,0,0,0,0,0,0,0,0,0,0,0,0
10.17484,0,0,0,-540.44366,0,0,0,0,90.77734375,-686.68693438914,18595.096844864,-90.77734375,358.99609375,452.488687782805,-249534.2028214,-358.99609375,0,0,0,0,0,0,0,0,0,0,0,0
10.17926,0,0,0,-576.48511,0,0,0,0,88.4765625,-520.538744343891,37590.0882455314,-88.4765625,357.5,-338.482748868778,-178952.813722078,-357.5,0,0,0,0,0,0,0,0,0,0,0,0
10.18368,0,0,0,-606.11212,0,0,0,0,86.69140625,-403.881504524887,26393.0406830327,-86.69140625,350.390625,-1608.45588235294,-287324.238344833,-350.390625,0,0,0,0,0,0,0,0,0,0,0,0
10.1881,0,0,0,-628.99506,0,0,0,0,84.96484375,-390.625,2999.20916852644,-84.96484375,338.4296875,-2706.09445701357,-248334.519153989,-338.4296875,0,0,0,0,0,0,0,0,0,0,0,0
10.19252,0,0,0,-644.87939,0,0,0,0,82.66796875,-519.654977375566,-29192.3025736574,-82.66796875,322.58203125,-3585.44259049774,-198947.541512254,-322.58203125,0,0,0,0,0,0,0,0,0,0,0,0
10.19694,0,0,0,-653.58826,0,0,0,0,80.203125,-557.656957013575,-8597.73294977581,-80.203125,303.0546875,-4417.95107466063,-188350.33578346,-303.0546875,0,0,0,0,0,0,0,0,0,0,0,0
10.20136,0,0,0,-655.02484,0,0,0,0,77.359375,-643.382352941176,-19394.885956471,-77.359375,280.1171875,-5189.47963800905,-174553.973608239,-280.1171875,0,0,0,0,0,0,0,0,0,0,0,0
10.20578,0,0,0,-649.1731,0,0,0,0,73.5625,-859.02149321267,-48787.1358080301,-73.5625,254.42578125,-5812.53535067873,-140962.830920743,-254.42578125,0,0,0,0,0,0,0,0,0,0,0,0
10.2102,0,0,0,-636.09814,0,0,0,0,69.15625,-996.889140271493,-31191.775352675,-69.15625,225.68359375,-6502.75735294118,-156158.824041277,-225.68359375,0,0,0,0,0,0,0,0,0,0,0,0
10.21462,0,0,0,-615.94556,0,0,0,0,63.4296875,-1295.60237556561,-67582.1799307959,-63.4296875,194.68359375,-7013.57466063348,-115569.526627219,-194.68359375,0,0,0,0,0,0,0,0,0,0,0,0
10.21904,0,0,0,-588.93945,0,0,0,0,56.65625,-1532.45192307692,-53585.8704776724,-56.65625,161.8203125,-7435.13150452489,-95374.851559141,-161.8203125,0,0,0,0,0,0,0,0,0,0,0,0
10.22346,0,0,0,-555.38037,0,0,0,0,48.52734375,-1839.11906108597,-69381.7054319117,-48.52734375,127.453125,-7775.38178733032,-76979.7019921786,-127.453125,0,0,0,0,0,0,0,0,0,0,0,0
10.22788,0,0,0,-515.64172,0,0,0,0,38.8203125,-2196.16091628959,-80778.7002723121,-38.8203125,92.09765625,-7998.97483031674,-50586.6613091461,-92.09765625,0,0,0,0,0,0,0,0,0,0,0,0
10.2323,0,0,0,-470.16562,0,0,0,0,27.45703125,-2570.87811085973,-84777.6458303474,-27.45703125,56.125,-8138.61001131222,-31591.6699084785,-56.125,0,0,0,0,0,0,0,0,0,0,0,0
10.23672,0,0,0,-419.45813,0,0,0,0,14.7734375,-2869.59134615385,-67582.1799307958,-14.7734375,20.3046875,-8104.14309954751,7797.94383816864,-20.3046875,0,0,0,0,0,0,0,0,0,0,0,0
10.24114,0,0,0,-364.08344,0,0,0,0,0.828125,-3155.04807692308,-64582.9707622694,-0.828125,-15.44921875,-8089.11906108597,3399.1037243301,15.44921875,0,0,0,0,0,0,0,0,0,0,0,0
10.24556,0,0,0,-304.65768,0,0,0,0,-14.0625,-3368.91968325792,-48387.2412522266,14.0625,-50.19921875,-7861.99095022624,51386.4504207531,50.19921875,0,0,0,0,0,0,0,0,0,0,0,0
10.24998,0,0,0,-241.84207,0,0,0,0,-29.66015625,-3528.88150452489,-36190.4573002191,29.66015625,-84.31640625,-7718.82070135747,32391.4590200855,84.31640625,0,0,0,0,0,0,0,0,0,0,0,0
10.2544,0,0,0,-176.33554,0,0,0,0,-45.51953125,-3588.09389140271,-13396.4676194181,45.51953125,-117.05078125,-7405.96719457013,70781.3363772242,117.05078125,0,0,0,0,0,0,0,0,0,0,0,0
10.25882,0,0,0,-108.86697,0,0,0,0,-61.296875,-3569.53478506787,4198.892835937,61.296875,-148.26953125,-7063.06561085973,77579.5438258839,148.26953125,0,0,0,0,0,0,0,0,0,0,0,0
10.26324,0,0,0,-40.187054,0,0,0,0,-76.6640625,-3476.73925339367,20994.4641796851,76.6640625,-177.671875,-6652.11397058824,92975.4842243196,177.671875,0,0,0,0,0,0,0,0,0,0,0,0
10.26766,0,0,0,28.940004,0,0,0,0,-91.19921875,-3288.49688914027,42588.7701930755,91.19921875,-205.15234375,-6217.30062217195,98374.0607276674,205.15234375,0,0,0,0,0,0,0,0,0,0,0,0
10.27208,0,0,0,97.745056,0,0,0,0,-105.2265625,-3173.60718325792,25993.1461272292,105.2265625,-230.359375,-5702.94824660633,116369.315738826,230.359375,0,0,0,0,0,0,0,0,0,0,0,0
10.2765,0,0,0,165.46252,0,0,0,0,-117.78125,-2840.42703619909,75380.1237689646,117.78125,-253.171875,-5161.19909502262,122567.681353781,253.171875,0,0,0,0,0,0,0,0,0,0,0,0
10.28092,0,0,0,231.33893,0,0,0,0,-128.4140625,-2405.61368778281,98374.0607276673,128.4140625,-273.25390625,-4543.4459841629,139763.147253332,273.25390625,0,0,0,0,0,0,0,0,0,0,0,0
10.28534,0,0,0,294.6413,0,0,0,0,-136.8203125,-1901.8665158371,113969.948404005,136.8203125,-290.64453125,-3934.53054298643,137763.674474315,290.64453125,0,0,0,0,0,0,0,0,0,0,0,0
10.28976,0,0,0,354.66522,0,0,0,0,-142.5625,-1299.13744343891,136364.043529002,142.5625,-305.34375,-3325.61510180995,137763.674474315,305.34375,0,0,0,0,0,0,0,0,0,0,0,0
10.29418,0,0,0,410.74292,0,0,0,0,-145.4921875,-662.825226244344,143962.040089269,145.4921875,-317.109375,-2661.90610859728,150160.405704224,317.109375,0,0,0,0,0,0,0,0,0,0,0,0
10.2986,0,0,0,462.25037,0,0,0,0,-146,-114.889705882353,123967.312299093,146,-325.73046875,-1950.47369909502,160957.558710919,325.73046875,0,0,0,0,0,0,0,0,0,0,0,0
10.30302,0,0,0,508.61447,0,0,0,0,-143.7265625,514.352375565611,142362.461866055,143.7265625,-331.03125,-1199.2717760181,169955.186216498,331.03125,0,0,0,0,0,0,0,0,0,0,0,0
10.30744,0,0,0,549.31934,0,0,0,0,-138.44140625,1195.7367081448,154159.351262259,138.44140625,-333.12890625,-474.58286199095,163956.767879446,333.12890625,0,0,0,0,0,0,0,0,0,0,0,0
10.31186,0,0,0,583.91211,0,0,0,0,-131.11328125,1657.94683257919,104572.426342622,131.11328125,-334,-197.080033936652,62783.4452611535,334,0,0,0,0,0,0,0,0,0,0,0,0
10.31628,0,0,0,612.00775,0,0,0,0,-122.51953125,1944.28733031674,64782.9180401711,122.51953125,-328.76953125,1183.36397058824,312317.648082554,328.76953125,0,0,0,0,0,0,0,0,0,0,0,0
10.3207,0,0,0,633.29382,0,0,0,0,-112.42578125,2283.65384615385,76779.754714277,112.42578125,-320.50390625,1870.05090497738,155359.03492967,320.50390625,0,0,0,0,0,0,0,0,0,0,0,0
10.32512,0,0,0,647.53333,0,0,0,0,-100.5,2698.14055429864,93775.2733359267,100.5,-308.88671875,2628.3229638009,171554.764439712,308.88671875,0,0,0,0,0,0,0,0,0,0,0,0
10.32954,0,0,0,654.56793,0,0,0,0,-87.78515625,2876.66148190045,40389.3501361561,87.78515625,-294.48046875,3259.33257918552,142762.356421859,294.48046875,0,0,0,0,0,0,0,0,0,0,0,0
10.33396,0,0,0,654.31934,0,0,0,0,-73.6640625,3194.81759049774,71981.0200446347,73.6640625,-277.2578125,3896.52856334842,144161.987367171,277.2578125,0,0,0,0,0,0,0,0,0,0,0,0
10.33838,0,0,0,646.79022,0,0,0,0,-58.69921875,3385.71125565611,43188.6120267807,58.69921875,-257.46484375,4478.04722850679,131565.30885936,257.46484375,0,0,0,0,0,0,0,0,0,0,0,0
10.3428,0,0,0,632.06451,0,0,0,0,-42.7890625,3599.58286199095,48387.2412522266,42.7890625,-234.765625,5135.56985294118,148760.774758911,234.765625,0,0,0,0,0,0,0,0,0,0,0,0
10.34722,0,0,0,610.30591,0,0,0,0,-26.40625,3706.51866515837,24193.6206261133,26.40625,-209.59765625,5694.11057692308,126366.679633914,209.59765625,0,0,0,0,0,0,0,0,0,0,0,0
10.35164,0,0,0,581.75665,0,0,0,0,-9.5625,3810.80316742081,23593.778792408,9.5625,-181.76953125,6295.95588235294,136164.096251101,181.76953125,0,0,0,0,0,0,0,0,0,0,0,0
10.35606,0,0,0,546.73431,0,0,0,0,7.19140625,3790.47652714932,-4598.78739174051,-7.19140625,-151.66015625,6812.0757918552,116769.21029463,151.66015625,0,0,0,0,0,0,0,0,0,0,0,0
10.36048,0,0,0,505.62854,0,0,0,0,23.640625,3721.54270361991,-15595.8876763375,-23.640625,-119.515625,7272.51838235294,104172.531786818,119.515625,0,0,0,0,0,0,0,0,0,0,0,0
10.3649,0,0,0,458.89682,0,0,0,0,39.48046875,3583.67505656109,-31191.7753526751,-39.48046875,-85.63671875,7664.91091628959,88776.5913883827,85.63671875,0,0,0,0,0,0,0,0,0,0,0,0
10.36932,0,0,0,407.05905,0,0,0,0,54.41796875,3379.52488687783,-46187.8211953072,-54.41796875,-50.3203125,7990.13716063348,73580.5982678487,50.3203125,0,0,0,0,0,0,0,0,0,0,0,0
10.37374,0,0,0,350.69205,0,0,0,0,68.18359375,3114.39479638009,-59984.1833705288,-68.18359375,-13.8359375,8254.3834841629,59784.2360926273,13.8359375,0,0,0,0,0,0,0,0,0,0,0,0
10.37816,0,0,0,290.42297,0,0,0,0,80.41796875,2767.95814479638,-78379.332937491,-80.41796875,23.25390625,8391.36736425339,30991.8280747729,-23.25390625,0,0,0,0,0,0,0,0,0,0,0,0
10.38258,0,0,0,226.92244,0,0,0,0,91.05859375,2407.38122171946,-81578.4893839193,-91.05859375,60.9453125,8527.46747737557,30791.8807968717,-60.9453125,0,0,0,0,0,0,0,0,0,0,0,0
10.387,0,0,0,160.897,0,0,0,0,99.73828125,1963.73020361991,-100373.533506685,-99.73828125,98.0625,8397.55373303167,-29392.2498515593,-98.0625,0,0,0,0,0,0,0,0,0,0,0,0
10.39142,0,0,0,93.081291,0,0,0,0,105.9375,1402.53817873303,-126966.521467619,-105.9375,134.67578125,8283.54779411765,-25793.1988493272,-134.67578125,0,0,0,0,0,0,0,0,0,0,0,0
10.39584,0,0,0,24.229897,0,0,0,0,110.140625,950.933257918552,-102173.059007801,-110.140625,170.3046875,8060.83851809955,-50386.7140312444,-170.3046875,0,0,0,0,0,0,0,0,0,0,0,0
10.40026,0,0,0,-44.891102,0,0,0,0,112.09765625,442.767251131222,-114969.684793514,-112.09765625,204.28125,7687.00509049774,-84577.6985524456,-204.28125,0,0,0,0,0,0,0,0,0,0,0,0
10.40468,0,0,0,-113.51261,0,0,0,0,112.99609375,203.266402714932,-54185.7123113777,-112.99609375,236.0390625,7185.02545248869,-113570.053848201,-236.0390625,0,0,0,0,0,0,0,0,0,0,0,0
10.4091,0,0,0,-180.87109,0,0,0,0,112.99609375,0,-45987.8739174055,-112.99609375,265.03125,6559.31843891403,-141562.672754448,-265.03125,0,0,0,0,0,0,0,0,0,0,0,0
10.41352,0,0,0,-246.21706,0,0,0,0,110.13671875,-646.91742081448,-146361.40742409,-110.13671875,291.0390625,5884.12047511312,-152759.720316947,-291.0390625,0,0,0,0,0,0,0,0,0,0,0,0
10.41794,0,0,0,-308.82343,0,0,0,0,106.984375,-713.199943438914,-14996.0458426322,-106.984375,313.38671875,5056.03082579186,-187350.599393952,-313.38671875,0,0,0,0,0,0,0,0,0,0,0,0
10.42236,0,0,0,-367.99362,0,0,0,0,103.54296875,-778.598699095023,-14796.0985647305,-103.54296875,331.8515625,4177.56645927602,-198747.594234352,-331.8515625,0,0,0,0,0,0,0,0,0,0,0,0
10.42678,0,0,0,-423.06921,0,0,0,0,99.73828125,-860.789027149321,-18595.096844864,-99.73828125,345.84765625,3166.53704751131,-228739.685919617,-345.84765625,0,0,0,0,0,0,0,0,0,0,0,0
10.4312,0,0,0,-473.43744,0,0,0,0,96,-845.764988687783,3399.10372432997,-96,355.26953125,2131.64592760181,-234138.262422964,-355.26953125,0,0,0,0,0,0,0,0,0,0,0,0
10.43562,0,0,0,-518.53784,0,0,0,0,92.84375,-714.08371040724,29792.1444073627,-92.84375,359.99609375,1069.35803167421,-240336.628037919,-359.99609375,0,0,0,0,0,0,0,0,0,0,0,0
10.44004,0,0,0,-557.86859,0,0,0,0,89.93359375,-658.406391402715,12596.6785078111,-89.93359375,360.99609375,226.244343891403,-190749.703118282,-360.99609375,0,0,0,0,0,0,0,0,0,0,0,0
10.44446,0,0,0,-590.99207,0,0,0,0,87.8515625,-471.047794117647,42388.8229151737,-87.8515625,356.57421875,-1000.4242081448,-277526.821727647,-356.57421875,0,0,0,0,0,0,0,0,0,0,0,0
10.44888,0,0,0,-617.53973,0,0,0,0,86,-418.905542986425,11796.889396204,-86,347.09765625,-2144.01866515837,-258731.777604881,-347.09765625,0,0,0,0,0,0,0,0,0,0,0,0
10.4533,0,0,0,-637.21619,0,0,0,0,84.30859375,-382.671097285068,8197.83839397228,-84.30859375,333.53515625,-3068.43891402715,-209144.852685244,-333.53515625,0,0,0,0,0,0,0,0,0,0,0,0
10.45772,0,0,0,-649.80249,0,0,0,0,81.91796875,-540.865384615385,-35790.5627444155,-81.91796875,315.87109375,-3996.39423076923,-209944.641796851,-315.87109375,0,0,0,0,0,0,0,0,0,0,0,0
10.46214,0,0,0,-655.15863,0,0,0,0,79.32421875,-586.821266968326,-10397.2584508917,-79.32421875,294.796875,-4767.92279411765,-174553.973608239,-294.796875,0,0,0,0,0,0,0,0,0,0,0,0
10.46656,0,0,0,-653.22498,0,0,0,0,76.29296875,-685.803167420814,-22394.0951249975,-76.29296875,270.45703125,-5506.75197963801,-167155.924325874,-270.45703125,0,0,0,0,0,0,0,0,0,0,0,0
10.47098,0,0,0,-644.02301,0,0,0,0,72.03125,-964.189762443439,-62983.3925390553,-72.03125,242.9921875,-6213.76555429864,-159957.82232141,-242.9921875,0,0,0,0,0,0,0,0,0,0,0,0
10.4754,0,0,0,-627.65521,0,0,0,0,67.0859375,-1118.84898190045,-34990.7736328085,-67.0859375,213.1796875,-6744.90950226244,-120168.31401896,-213.1796875,0,0,0,0,0,0,0,0,0,0,0,0
10.47982,0,0,0,-604.30359,0,0,0,0,61.4296875,-1279.69457013575,-36390.4045781208,-61.4296875,181.14453125,-7247.77290723982,-113770.001126103,-181.14453125,0,0,0,0,0,0,0,0,0,0,0,0
10.48424,0,0,0,-574.22809,0,0,0,0,54.08203125,-1662.36566742081,-86577.1713314633,-54.08203125,147.23046875,-7672.86481900452,-96174.6406707478,-147.23046875,0,0,0,0,0,0,0,0,0,0,0,0
10.48866,0,0,0,-537.76331,0,0,0,0,45.61328125,-1916.00678733032,-57384.868757806,-45.61328125,112.078125,-7953.0189479638,-63383.2870948588,-112.078125,0,0,0,0,0,0,0,0,0,0,0,0
10.49308,0,0,0,-495.31491,0,0,0,0,35.1171875,-2374.6818438914,-103772.637231015,-35.1171875,76.58203125,-8030.79044117647,-17595.3604553552,-76.58203125,0,0,0,0,0,0,0,0,0,0,0,0
10.4975,0,0,0,-447.35529,0,0,0,0,23.43359375,-2643.34700226244,-60783.9724821359,-23.43359375,40.38671875,-8188.98472850679,-35790.5627444156,-40.38671875,0,0,0,0,0,0,0,0,0,0,0,0
10.50192,0,0,0,-394.41806,0,0,0,0,10.14453125,-3006.57522624434,-82178.3312176246,-10.14453125,4.5546875,-8106.79440045249,18595.0968448641,-4.5546875,0,0,0,0,0,0,0,0,0,0,0,0
10.50634,0,0,0,-337.09225,0,0,0,0,-4.30078125,-3268.17024886878,-59184.3942589217,4.30078125,-31.0234375,-8049.34954751131,12996.5730636146,31.0234375,0,0,0,0,0,0,0,0,0,0,0,0
10.51076,0,0,0,-276.01569,0,0,0,0,-19.34765625,-3404.27036199095,-30791.8807968715,19.34765625,-65.515625,-7803.66233031674,55585.34325669,65.515625,0,0,0,0,0,0,0,0,0,0,0,0
10.51518,0,0,0,-211.86797,0,0,0,0,-35.16015625,-3577.48868778281,-39189.6664687456,35.16015625,-99.109375,-7600.39592760181,45987.8739174055,99.109375,0,0,0,0,0,0,0,0,0,0,0,0
10.5196,0,0,0,-145.36284,0,0,0,0,-51.12890625,-3612.83936651584,-7997.8911160705,51.12890625,-131.1796875,-7255.72680995475,77979.4383816874,131.1796875,0,0,0,0,0,0,0,0,0,0,0,0
10.52402,0,0,0,-77.240311,0,0,0,0,-66.8203125,-3550.09191176471,14196.2567310252,66.8203125,-161.5859375,-6879.24208144796,85177.5403861509,161.5859375,0,0,0,0,0,0,0,0,0,0,0,0
